0 0.62140160831524 0.53924049589103 0.6221604056794 0.54393174392703 0.62768399891613 0.54766777378161 0.62842205886566 0.54406854239746 0.62592756020664 0.53824473025555 0.62210769838806 0.54029988872367 
0 0.57271292971491 0.42302464279105 0.56955786104943 0.4237189567359 0.56571004076179 0.42673951660311 0.5652417135649 0.42372676889392 0.56455224362066 0.41937944075811 0.56716456510294 0.41734464304448 0.57157683399226 0.41393406629513 
0 0.55859135000831 0.44432939657442 0.5553296700689 0.43638619478812 0.5624205291623 0.42638384058 0.56982145388855 0.43434726130679 0.57023495527213 0.44276593461773 0.56609981940984 0.44312161064084 0.56169792485716 0.44162812129334 0.55753274420198 0.44326922573451 
0 0.57656286721411 0.78117926330652 0.57617509991705 0.77740139857086 0.56669941372339 0.76829999632998 0.56968394099778 0.77737800668411 0.57250830121772 0.78646700139253 0.57831920006303 0.78420202357902 
0 0.63092906057221 0.60233640595007 0.63453698929086 0.60327778362251 0.63027779479727 0.60135783299685 0.63128263491152 0.60127701311743 
0 0.59705367476967 0.59756436616342 0.60058200792217 0.60509211310356 0.60134080581227 0.60030607545445 0.60123431007085 0.59339201270996 0.59670115903616 0.5991550460923 
0 0.60234670380132 0.58483892673236 0.60133361804466 0.59005987001939 0.60776273191356 0.58121791679007 0.60170263726774 0.58156595754971 0.60234670380132 0.58749059017381 
0 0.61822579089625 0.52333369660221 0.61757452544223 0.53067501773462 0.6262893916621 0.53226569762332 0.62360562560402 0.52057960875301 0.61787327516275 0.52704475287629 
0 0.62669463734689 0.57847620701684 0.62875192042658 0.58333845214969 0.6351717293163 0.5789951007136 0.62634212161338 0.57847620701684 
0 0.63128263491152 0.61453214896481 0.63027567758571 0.6178953364597 0.63099108337156 0.6282253707249 0.63454631661243 0.62609560942192 0.63764251520586 0.61876209793105 0.6319711406023 0.61392484038952 0.63163515064503 0.61771350882257 
0 0.54269573939242 0.57476515074276 0.54992813407856 0.59430539464232 0.54889535828 0.60310853528235 0.54489044089466 0.6088001469921 0.54707689465287 0.6214525738948 0.55092364695368 0.630296117804 0.54779334966345 0.63731896951261 0.54977410693763 0.64474728552484 0.54967173975874 0.65487084954048 0.55252298856548 0.6602657876001 0.55401265861852 0.66288787617952 0.55357333721999 0.66650889987815 0.55470223442334 0.67287321011283 0.55690625165644 0.67963041828002 0.56418310778532 0.68725454698655 0.56450460636058 0.6947262775794 0.56782005380166 0.69981837301945 0.57377979261958 0.6961633087712 0.5759880442758 0.69663542256216 0.57761935578214 0.69337802828608 0.58547209345511 0.68179278852072 0.59204497674057 0.65652515662473 0.59694716838468 0.65375546480252 0.59929600288842 0.64887621331193 0.59813915849249 0.63691191452909 0.59711358121323 0.63728317921511 0.59647991042264 0.63104946379929 0.60452699748767 0.62830299590347 0.60028325863847 0.62558770533346 0.59845758711099 0.61400245254849 0.60367926597938 0.60345021332245 0.60943236494912 0.59121565802651 0.60989645772289 0.57483658628058 0.61675886968906 0.57114414105494 0.61994188554712 0.57911471984123 0.617915619395 0.59447321137058 0.61937226098451 0.60117299599379 0.62031821990177 0.60764913102464 0.62388582723955 0.60645914339991 0.62404918143687 0.59879779278398 0.62626462028686 0.61837523167299 0.62599891023618 0.62951158185509 0.62105733845707 0.62460751563435 0.61549341234014 0.62359935547259 0.61439870810347 0.6292971708339 0.62205083998121 0.63211044728505 0.6199294998595 0.64360406388883 0.61765414376084 0.64838532949828 0.61957592552912 0.64854694257497 0.61741838108974 0.65600945820481 0.61857936523557 0.66331353034384 0.6119433778583 0.67587736815063 0.60790544289035 0.69095159410816 0.6020106915496 0.70304013606602 0.60040522075251 0.70940126494092 0.59955133860246 0.71730662585177 0.59601263120246 0.73049336212908 0.59357804963056 0.72792250529296 0.59310146530859 0.72541844680718 0.59176783374747 0.73278457744076 0.58788085545783 0.74220124331386 0.58790561642123 0.75094696040991 0.58369914049546 0.75618188792362 0.58359264475404 0.76510003471961 0.58075282888972 0.76074426666779 0.57756875442588 0.75676137260707 0.57688637714036 0.74345644881404 0.57064335541582 0.74661919763673 0.57094104534495 0.76087470242196 0.56500395070681 0.75972210508391 0.56593848788903 0.75516130770703 0.56325788633396 0.75333138956307 0.56141465169379 0.74655858306202 0.55498445872418 0.73289178926526 0.55037158403963 0.7286494460021 0.5482688847908 0.71897493091904 0.5451995537823 0.71195048853055 0.541354909312 0.70751710461276 0.54373465510451 0.7066875650508 0.54237011225462 0.70041328729782 0.53916634772328 0.69662460593892 0.53850366050526 0.68172597996539 0.53581998899343 0.66340357459943 0.53064679426975 0.65131043074561 0.53006995998045 0.65158385654826 0.53062616042251 0.64112164885453 0.52585310971805 0.63880561893658 0.52337618391497 0.63615395556212 0.52288096813128 0.63104946379929 0.51870857931162 0.62660828555005 0.51690048064008 0.61833340970105 0.51376912474407 0.6150728340652 0.51626362340308 0.60970269876095 0.51484011621127 0.60434035778816 0.5193877807798 0.60009642384511 0.5144834804818 0.59385171920941 0.5170968520122 0.57996589264967 0.51885953649579 0.56513407523147 0.51313120890129 0.54406377035779 0.5140782376317 0.54393333460692 0.51567229480231 0.52451733681748 0.51407305046338 0.51781914287416 0.51588728904844 0.51337494233313 0.51659857488284 0.50318455394306 0.51697797058315 0.49761416785993 0.51909317079134 0.49470067857579 0.51906936083482 0.4915077068352 0.51935263506792 0.47889027489006 0.51832811639443 0.47458032773163 0.51807489789196 0.47021836534084 0.51242723605786 0.45394571007946 0.50732856718106 0.45710845890216 0.50592465253763 0.45123582782108 0.50352732554772 0.44753717894388 0.50522998708361 0.44310061366631 0.50603008133182 0.4347837263212 0.50819069572796 0.42621141088007 0.50987684301368 0.43481492119407 0.51236626886914 0.44580286066123 0.51518957055462 0.44485831494332 0.5152587947971 0.43059818787712 0.5162894619874 0.43257015373514 0.51765718068917 0.41729024179229 0.50781541997909 0.40607149467328 0.50926073444996 0.39930108386302 0.51411020752625 0.40570182066715 0.51697797058315 0.38979661246005 0.51437898753369 0.38881404949281 0.51440386476951 0.38576869284589 0.5142156532128 0.38175318053486 0.51272703321464 0.38015852394644 0.51130448724539 0.3775480591811 0.50991505868232 0.37431309349146 0.50634850995032 0.37118613496625 0.50354384807919 0.36576557510954 0.50007648242742 0.36205213290937 0.49923086813069 0.35273090782959 0.50078257248241 0.34259428036291 0.50674760432922 0.34931349115671 0.50932890866217 0.33317763436576 0.51831160214427 0.33874642561495 0.5180128722401 0.33298420769129 0.52048048237465 0.3282081710861 0.5194756450595 0.31503465769124 0.52536001114591 0.31292748404268 0.5283301413817 0.31759549324406 0.53099729864337 0.32460132467785 0.53353626778411 0.33834957095587 0.53774792183921 0.3483861247816 0.53845094193744 0.36197371239086 0.5353547317533 0.36219736198321 0.54058466774677 0.3732948992947 0.53535684896486 0.38592632922286 0.54131764638856 0.38179278846409 0.54406028224231 0.37599855886944 0.5445482995067 0.37853062214835 0.55010386263797 0.38167078331663 0.5522500799955 0.38959698213402 0.55260153711433 0.39925907146948 0.55538863441082 0.4064599387021 0.55615675876449 0.41095154150382 0.54983095406799 0.41083351305608 0.54321255073402 0.40657876248979 0.5394505833751 0.41103314338211 0.53950234919772 0.4171014280895 0.53853880621714 0.4240886485686 0.54234110645626 0.43045375414322 0.54405308372301 0.43490177231599 0.54660241816141 0.43795349168246 0.54612064667112 0.44875039049499 0.54765277621151 0.45720708105526 0.54871138201784 0.45437294964538 0.55406537718634 0.46014458960572 0.56239469918128 0.45447157180098 0.56246499060505 0.46446455804745 0.56350390631713 0.47512624906943 0.55115421129248 0.49015308384199 0.55293753858877 0.49735234195025 0.55471050112231 0.50000160340537 0.55674703734719 0.50171350900109 0.55718022846848 0.51113795358747 0.55391854856471 0.51962264032813 0.54239488362987 0.51970346227031 0.54339971223585 0.52740521615541 0.54299754790018 0.53869681641332 0.54623953746006 0.55408790234722 0.54652386961257 0.56447076171789 
