0 0.60992341856863 0.12304438956698 0.60143803670277 0.12304438956698 0.60143803670277 0.10668145620421 0.60992341856863 0.10668145620421 
0 0.60154244385292 0.12304438956698 0.59305696302294 0.12304438956698 0.59305696302294 0.10668145620421 0.60154244385292 0.10668145620421 
0 0.60992341856863 0.10688072628803 0.60143803670277 0.10688072628803 0.60143803670277 0.09051794185656 0.60992341856863 0.09051794185656 
0 0.60154244385292 0.10688072628803 0.59305696302294 0.10688072628803 0.59305696302294 0.09051794185656 0.60154244385292 0.09051794185656 
0 0.59316137017309 0.12304438956698 0.58467598830723 0.12304438956698 0.58467598830723 0.10668145620421 0.59316137017309 0.10668145620421 
0 0.58478039545738 0.12304438956698 0.57629491462739 0.12304438956698 0.57629491462739 0.10668145620421 0.58478039545738 0.10668145620421 
0 0.59316137017309 0.10688072628803 0.58467598830723 0.10688072628803 0.58467598830723 0.09051794185656 0.59316137017309 0.09051794185656 
0 0.58478039545738 0.10688072628803 0.57629491462739 0.10688072628803 0.57629491462739 0.09051794185656 0.58478039545738 0.09051794185656 
0 0.57647473243955 0.12290037299668 0.56798836093246 0.12290037299668 0.56798836093246 0.10653758856521 0.57647473243955 0.10653758856521 
0 0.56809177844138 0.12290037299668 0.55960728725262 0.12290037299668 0.55960728725262 0.10653758856521 0.56809177844138 0.10653758856521 
0 0.57647473243955 0.10673608914871 0.56798836093246 0.10673608914871 0.56798836093246 0.09037466994278 0.57647473243955 0.09037466994278 
0 0.56809177844138 0.10673608914871 0.55960728725262 0.10673608914871 0.55960728725262 0.09037466994278 0.56809177844138 0.09037466994278 
0 0.55978611542355 0.12290037299668 0.55130172319892 0.12290037299668 0.55130172319892 0.10653892894694 0.55978611542355 0.10653892894694 
0 0.55140514070784 0.12290037299668 0.54292064951909 0.12290037299668 0.54292064951909 0.10653892894694 0.55140514070784 0.10653892894694 
0 0.55978611542355 0.10673745437425 0.55130172319892 0.10673745437425 0.55130172319892 0.09037466994278 0.55978611542355 0.09037466994278 
0 0.55140514070784 0.10673745437425 0.54292064951909 0.10673745437425 0.54292064951909 0.09037466994278 0.55140514070784 0.09037466994278 
0 0.54309947769001 0.1227571010829 0.53461498650126 0.1227571010829 0.53461498650126 0.10639431665144 0.54309947769001 0.10639431665144 
0 0.53471751333307 0.1227571010829 0.52623302214432 0.1227571010829 0.52623302214432 0.10639431665144 0.53471751333307 0.10639431665144 
0 0.54309947769001 0.10659358673526 0.53461498650126 0.10659358673526 0.53461498650126 0.09023065337249 0.54309947769001 0.09023065337249 
0 0.53471751333307 0.10659358673526 0.52623302214432 0.10659358673526 0.52623302214432 0.09023065337249 0.53471751333307 0.09023065337249 
0 0.17983444267632 0.69692286990355 0.18250518754114 0.69411596163017 0.1854098835995 0.69153720604296 0.18835270063916 0.68954764283261 0.18902051056052 0.68221739301526 0.18242067217764 0.67765205284376 
0 0.12404490117981 0.60863161533803 0.12706934383048 0.61449147856271 0.13169571878658 0.61646511619411 0.13684403054251 0.63006373563624 0.14417499609448 0.63483713283846 0.1500394122652 0.64328436743059 0.1563463960068 0.6493332123143 0.16189907518104 0.65893094122446 0.17087690275158 0.65923044207541 0.18004751243932 0.66114301787245 0.18210943000179 0.64883444137954 0.18002484965449 0.63828265854041 0.18111355400317 0.62944716004056 0.17572802523753 0.62862684642196 0.17252762437107 0.62413269541344 0.16664579051419 0.62392329800099 0.16201991037872 0.61808816953752 0.16033781713133 0.60998273228647 0.15636331887233 0.60565447850976 0.15132475833198 0.60374042563976 0.14647512030792 0.5991765747813 0.13921709131672 0.59622116952014 0.13597611515865 0.59361636095954 0.13369964337129 0.58904954401919 0.12799376773021 0.57832038399783 0.12139582945856 0.57487484527824 0.113727099345 0.57772985843472 0.10827922318006 0.58245233407671 0.1045772721237 0.59099116142037 0.11417550579931 0.60215222222132 
0 0.5640955174508 0.82805806729198 0.56143970696091 0.82562483428027 0.55980740187691 0.82109583334678 0.55559369826529 0.81600536139983 0.54806510154415 0.80523554313266 0.5505710800096 0.7947725233503 0.55157615071302 0.78539014910472 0.55453537592999 0.77591752248934 0.5611681586076 0.77342322102159 0.56640632978983 0.77692250301056 0.56996764339983 0.77702289062246 0.57333381860063 0.78029967715777 0.57918754664575 0.7824958181563 0.57965722071884 0.79173134613682 0.58426914679606 0.78196502699132 0.59345520467222 0.78832796799371 0.59807770989379 0.7913605071916 0.60166032034798 0.79915169939267 0.60540531048037 0.81503820151617 0.60696320371043 0.82557687171625 0.60862937409165 0.83748988696853 0.60729275424125 0.84943060952569 0.60375557854381 0.85199610015642 0.60211357604446 0.85687419606485 0.59219201658469 0.84882416125864 0.58695869477684 0.84186326107348 0.57908896872246 0.8277264039012 0.57443260775384 0.83559772114346 0.56547269291643 0.83840760804291 0.56508515870948 0.83302194775652 
0 0.32427228427239 0.77295348367722 0.32388622522713 0.77152374312938 0.3203634982917 0.77090269957891 0.32385237949694 0.76536722896324 0.32066306269314 0.76054303785934 0.31866547493802 0.7550585020111 0.32421627057856 0.75350946752543 0.32856089788362 0.75160567012225 0.33312155721988 0.74921026759294 0.33719412882474 0.75068647467129 0.34176251068768 0.75458429626359 0.33911690277767 0.75807495662823 0.33715216803643 0.7620439758613 0.33655244544882 0.76935381398542 0.33845731047048 0.77670298618297 0.33419333867596 0.77787954347907 0.32830428058667 0.78180507477157 0.32259939473097 0.77800315646081 0.3219634512742 0.77146417060656 
0 0.72392258072852 0.57859812795492 0.72603911312227 0.58455538023759 0.72613867103038 0.59011127528045 0.72940903945121 0.6001277990155 0.7365395171355 0.60577809149463 0.7432157222306 0.61136152619656 0.74914585043109 0.62039049855531 0.76019331448684 0.62399597647701 0.76326082076127 0.63035906641069 0.76648297934753 0.63034298182994 0.76920449274016 0.6328649845201 0.77370716242518 0.6377052518775 0.78054083307203 0.63513529330767 0.7805360827941 0.63376810394334 0.77734963594988 0.62367026371668 0.77563716075912 0.61871800001919 0.77261985814466 0.61552266691601 0.76395474288783 0.60504074484892 0.75924711850332 0.58836163032923 0.75663585114411 0.58704820516539 0.7535933970994 0.58413793856751 0.75107000988174 0.58279562073083 0.75009877597501 0.57820540903168 0.73895947321277 0.57158644201821 0.73302162581066 0.56828345667422 0.72838268252776 0.56845219584087 0.724121683232 0.57067603806181 0.72293965574249 0.57451131698451 0.72198099027942 0.57705506364495 0.72491222198721 0.58120442582859 
0 0.71898109080775 0.57412007445073 0.71674669196179 0.57712625280793 0.71434125684774 0.57512504987412 0.70808931023081 0.57338553220758 0.70215047303744 0.57487484527824 0.69937382386536 0.56939180343341 0.69768935552151 0.56631278443497 0.6957197841385 0.56336172389392 0.69843931831737 0.55543083413034 0.69842188796268 0.54543471398384 0.6984770109794 0.54514534046152 0.70211275494371 0.5450318548084 0.70211374458494 0.54254632645323 0.69874183897353 0.54024980569826 0.69470301413474 0.53989342698179 0.69171668524712 0.53100415015555 0.69129726279313 0.53023910417637 0.6915253750975 0.52572751394617 0.68897685099251 0.51911572299516 0.69060718596089 0.51538380239695 0.6912035437683 0.51148597232686 0.69442472701983 0.5059941157598 0.69744382553143 0.50154510569389 0.69932453973193 0.49703710407416 0.6996657680293 0.4918289763976 0.70519182571407 0.48857691245864 0.70540449961519 0.47850796490483 0.71002414489404 0.46435666139613 0.70886725429186 0.45425137460431 0.7073470792868 0.44717639304082 0.71354291326453 0.445295837474 0.71996401569378 0.44611257674132 0.72664409418991 0.44829054812084 0.73228038452663 0.44379714176884 0.737709853227 0.44650456393161 0.74297416459948 0.45257515278561 0.74885588554962 0.45796227991765 0.75923553970088 0.46561691808469 0.75880743509719 0.47026953199993 0.75361764330962 0.46625821627672 0.74153897308837 0.47147959883928 0.74496402243403 0.47840475551164 0.74551584638593 0.48327197943493 0.74749324853496 0.48691303669839 0.75481115063744 0.49190165487361 0.75489230121861 0.49616600488113 0.75861513361148 0.500617114743 0.76326082076127 0.50231448480676 0.76518496590543 0.50450480268913 0.76771420642536 0.50524217636712 0.77260153523891 0.50756639828649 0.77624212844527 0.51270482611311 0.78282848774781 0.52108221192399 0.78408770725355 0.52505703947789 0.788913197909 0.52862185915379 0.79103162393383 0.53679550694175 0.79315974844274 0.54540418306666 0.78719290455249 0.54448348974963 0.78628352322285 0.54874931539257 0.78744516410295 0.55188358834823 0.79091563798124 0.55671372837701 0.79419481420906 0.56554624825079 0.79796594109414 0.57144094923558 0.79845393318647 0.57899668104613 0.79323614874599 0.57440944797305 0.78757470814044 0.57142203496006 0.78133333777196 0.5715209122431 0.77717179742019 0.56957796756254 0.77443584985435 0.56624725465986 0.77291564736648 0.56237282003997 0.76623645971622 0.55289736372983 0.75860929472821 0.54501442984591 0.7542815936133 0.54221898928289 0.75278931359703 0.53568001148 0.74915942246626 0.53914877046526 0.74622720050471 0.54168238979708 0.74969481838721 0.54465221513516 0.76368704493412 0.55524184030645 0.76765332907048 0.56255019722221 0.77286636323304 0.57353388084092 0.77680068195756 0.58230399849862 0.77906319974601 0.5941718747349 0.77216084799755 0.59527874471121 0.76771420642536 0.58931270563213 0.76450458755727 0.58753400637893 0.76120809260786 0.58651890331344 0.75898624907412 0.5794547937351 0.75413275157175 0.57597143948211 0.75169437453608 0.57554534702335 0.75059260695062 0.57152389086924 0.74562124317732 0.56669093424799 0.74155540113285 0.55989013521389 0.73706431025026 0.55653918088953 0.73625636714708 0.55401568888634 0.73412339339612 0.55152585535769 0.73208811075394 0.54396282591328 0.72807925852551 0.54473667296525 0.7226932350753 0.54957396169658 0.71799342885653 0.54953911177161 0.71205944105523 0.54806869931927 0.70961047485836 0.5521075810284 0.71377201521012 0.55486072510129 0.71847083178766 0.55775654536274 0.72173259032976 0.56534697816697 
0 0.57913241397261 0.5226646070216 0.58557379083442 0.5260852611959 0.58827313626342 0.53020559463313 0.58957877986195 0.53391873583485 0.59174944902499 0.54204740657456 0.59525564895181 0.55691880678166 0.5982497095402 0.55586720284902 0.60121863324126 0.55569696086724 0.60291863895248 0.55139196611602 0.60491821937158 0.54769488173853 0.60249823935642 0.5380055737811 0.60016229018842 0.53587198392996 0.59825069918144 0.53242942276418 0.59308507884147 0.52417416041346 0.5912603683273 0.51835662014221 0.585675328025 0.51972232019352 0.58042459821911 0.51185100295126 0.57607363084754 0.51215497174131 
0 0.66547386133372 0.68271914257609 0.66300549816867 0.67623392897369 0.65785817618402 0.67065630273363 0.65170775384492 0.66683992739206 0.64771534317998 0.66236321204042 0.64916892822402 0.65455309455904 0.64432601988286 0.64890280084775 0.64060130717164 0.6415405308002 0.63533611891606 0.63601964738669 0.62792152886505 0.62142467752545 0.62349238952369 0.61806492432765 0.61537327387841 0.62151627027698 0.61084249838236 0.62774396997392 0.60497907200102 0.63154292134066 0.60138291368605 0.63788992669359 0.60640268125961 0.64119292513828 0.61337272464453 0.65188275622333 0.61403083608155 0.65200934783433 0.6145256567109 0.65275400436967 0.62143957671266 0.66133796894847 0.63009220794701 0.67206266103074 0.6358512271782 0.68684379502111 0.63850514807457 0.69520956419034 0.64202778728977 0.70119600685797 0.63950151886864 0.70444508242645 0.63780933132317 0.7061773121596 0.63608606904295 0.70590819329453 0.62990081133242 0.70854948995863 0.62688171282081 0.70230420468586 0.62067418818252 0.69523875472579 0.61661418502133 0.68909965747227 0.61066376917555 0.68500836563919 0.60709749802584 0.67724621504226 0.60438084416811 0.67025343295003 0.60175699807239 0.66563999857573 0.5981772678019 0.66349911109073 0.59253413555918 0.65977731782114 0.59051912704327 0.65688015717796 0.58758691903199 0.65643217181762 0.58487798388319 0.65455309455904 0.58159394861316 0.65412403447901 0.57667088892491 0.65112068581657 0.57524253013949 0.66644720623964 0.57645444479426 0.67058943257845 0.57790704019707 0.67130206886476 0.57863759335577 0.67381960361582 0.58388160328895 0.67764758490466 0.59346964341738 0.68667520478577 0.59774332024611 0.69419444842701 0.60046384406623 0.70331932044918 0.60412085512317 0.71114699124446 0.60659495820738 0.71754061225684 0.60606926078404 0.72720224210971 0.59803416567951 0.73379364373137 0.58691811948626 0.71739362647407 0.58339352199517 0.71449794565347 0.58085755657117 0.71010418383383 0.57497959201382 0.70376446635315 0.56965640123183 0.68853684607708 0.56503586527588 0.68369657871968 0.5608840234082 0.67723891740839 0.55722403323366 0.67614813408374 0.55470648489929 0.67463113028753 0.55122433325445 0.68099719884728 0.55841090996522 0.69302502980056 0.56020364506004 0.69942878801296 0.56404523440096 0.70451777064687 0.56556740158249 0.71003149575453 0.56953081575928 0.71496485477978 0.56830149280021 0.71933672382007 0.56997922220226 0.72426859329722 0.56873445145853 0.73524512821337 0.55597353164076 0.73813930133727 0.55149114053105 0.72920640153939 0.54802056768864 0.72119985447148 0.53990442096706 0.71039221697442 0.53657784092415 0.70370191520419 0.53238444259873 0.69602109086204 0.5262494501888 0.69319228968708 0.52376763615936 0.69098602135992 0.52283884960515 0.68657183626535 0.51886870586797 0.69023256779306 0.52050200976005 0.70042364911903 0.52446731252925 0.71969163648406 0.52285141804882 0.73907012200643 0.51238002415519 0.73877197040693 0.508471634031 0.73041647749763 0.50545927287367 0.72454931956741 0.50545927287367 0.71187274306057 0.50372740067097 0.7040815508595 0.50422222130032 0.69439221919943 0.50529499242473 0.68242396073294 0.50640249213961 0.67133557840801 0.51238775132573 0.66422634264476 0.51900497946585 0.66227891692275 0.51852856617596 0.65424615814772 0.515893060664 0.65374439756166 0.51591818949386 0.64447254136835 0.51857785030939 0.64637067082897 0.52071844429785 0.64410900005699 0.5299905909445 0.6393458791147 0.53597673283881 0.63823320193065 0.53833484997044 0.63837857029974 0.54035569736962 0.64028384846291 0.54653422551977 0.63668133771101 0.54751902636781 0.63434699991928 0.54950502953917 0.63267882039097 0.55350515940572 0.63120410262564 0.55766284926934 0.62811778755466 0.56156826135717 0.62886095477693 0.56933368863302 0.62557688226158 0.5819100497484 0.62067122220132 0.58858328982606 0.61843725259531 0.59447096241762 0.61548916936355 0.59799073056078 0.60689507629763 0.60090452111369 0.60683685636677 0.6024566744246 0.6009567506497 0.60529516341106 0.59341129509907 0.61353412460973 0.59485265225246 0.61313787225976 0.58924881410301 0.61576655730468 0.58169755023156 0.61825421847379 0.57071519387187 0.61481463195843 0.56221568417756 0.61305860199695 0.5521527072133 0.61205827263794 0.54390904791289 0.61453049540381 0.54166347552156 0.61461649522701 0.53630984196167 0.61982952938957 0.53604370172267 0.62297917234259 0.54173762945586 0.62936155582418 0.54104094267375 0.62989408177203 0.55516037488354 0.63515738970926 0.55336277405265 0.64025443791923 0.5529728719006 0.63687758410165 0.55991634712327 0.64109424747014 0.56175177650519 0.64172633132609 0.56884343837465 0.63603777455075 0.57078072364698 0.63365551017302 0.57816043177808 0.644503869719 0.5707792343339 0.65412000435202 0.57456655747262 0.64719924527662 0.57977915321996 0.64325324878554 0.5860257917682 0.63757539126694 0.58343988474766 0.63189266224346 0.58678057561335 0.63294326537714 0.5941516326078 0.6349089897596 0.60532148035564 0.64029690472833 0.60948976967253 0.64253130550557 0.61172656891686 0.64475710760425 0.61620910328373 0.65187104464847 0.62112651705624 0.65465441061821 0.62533844324499 0.65866136900928 0.62849011582233 0.67242351793315 0.64369884324769 0.66701919799536 0.6467356902511 0.66832383015849 0.6515744684177 0.66953574481326 0.65860076052504 0.67444634461481 0.6746573317 0.67319088574575 0.68434949355337 
0 0.49526615830108 0.69989568764882 0.4896689454116 0.70295576935578 0.49102297254753 0.71220575345476 0.48383748444211 0.71960004373253 0.48121306203588 0.71301012189587 0.47993928762262 0.70488280127127 0.47157078238646 0.70478837882498 0.4667960603263 0.70696992455578 0.46285441825665 0.70891302163846 0.45473480779076 0.71599739550559 0.45816668566093 0.72747121204348 0.45375051710735 0.72455080888048 0.45302668702142 0.7305910249851 0.44843119534192 0.73441750797366 0.44706320791136 0.73872982284809 0.44507274249804 0.74315710370143 0.44486214684352 0.74791441632289 0.44465818178525 0.75201881411066 0.4491105776956 0.75610712731767 0.45400375981144 0.7591685591884 0.45738724422528 0.76420228007397 0.46042336456611 0.77098134337261 0.46320138647318 0.77333311758309 0.46636844315559 0.77369814021256 0.46407890135509 0.78031576173853 0.45746167182742 0.77965539249524 0.44780009477396 0.76780627691746 0.4443499147911 0.76773939861681 0.44212806500721 0.76624279609537 0.43593211917136 0.76707189666086 0.43415729658287 0.77713920597034 0.43989553948575 0.77816756873764 0.44434308001645 0.7818152021002 0.44954454175794 0.78445783914603 0.45282124396544 0.7949571981664 0.44955710382024 0.80534455365121 0.44366854055157 0.80273096540499 0.44054592556692 0.79497611244192 0.43074135784291 0.79006167729548 0.4260526296996 0.7905270876183 0.42282521741468 0.79268390323745 0.42059654530012 0.79268986048973 0.41494915195003 0.79678249280793 0.41250068057376 0.79492085146959 0.40946407078117 0.79379806583278 0.40650098059455 0.7949120719815 0.40402687751034 0.79380386666659 0.39783578599161 0.79203382561384 0.40085883799306 0.78010919402084 0.40531895310503 0.77919147932988 0.40843137478497 0.78443028685492 0.41039769295218 0.77992585958648 0.41118336912761 0.77444279674789 0.41342164617465 0.77034718580355 0.41378701624931 0.75994523593513 0.41855689466597 0.75313713926717 0.42066611142878 0.74772676288072 0.42115420248523 0.73943814012661 0.4213397658854 0.72893729179321 0.42579315154948 0.71870556232488 0.43023297323481 0.70764771091712 0.43314776356039 0.69689531761244 0.43619645234488 0.69041144439177 0.43890589822707 0.68955195171976 0.44112536050924 0.68137086748728 0.44869938812302 0.66952040368333 0.45097298353328 0.66565757246952 0.4519645050853 0.66124622726564 0.45500637186462 0.653591754001 0.45813531403383 0.64298188795358 0.4606359395031 0.63748854539531 0.4589402882133 0.63093930276837 0.45697941307288 0.62402217661032 0.44805423464277 0.61707886209502 0.44367388461423 0.61053690566607 0.43902861374314 0.60568502166701 0.43469893323639 0.60168396986336 0.42573901239265 0.59992123129782 0.42237146120266 0.59752282914391 0.41408420551178 0.59311893039394 0.40501068511708 0.59721454133828 0.39690215337667 0.59134308609008 0.39263343487929 0.59468972140664 0.38753925662889 0.59370215793443 0.38175411553797 0.59350005815584 0.37383698546849 0.58271117668185 0.37526829911594 0.57840184942073 0.37829759093225 0.57346120236491 0.38447562899936 0.57255793401037 0.39090829718081 0.57040690606624 0.39822045446406 0.56883465142775 0.400557299453 0.56780060819257 0.4030188289497 0.5700330884855 0.40896925015183 0.5722844961375 0.41169076361321 0.57011754567442 0.41490709770394 0.57019171346346 0.41744205821768 0.57302334433319 0.42033755053919 0.5737490865742 0.42474937115896 0.58017040864748 0.42622027492459 0.58345732251141 0.4287630649668 0.58267632675688 0.43539286366312 0.58195922253147 0.44063876007103 0.58557929572089 0.44316115149106 0.58855062415312 0.44576568928987 0.59357273663186 0.44874045187421 0.59654257575105 0.45117397966784 0.60130137768554 0.45795064697962 0.6069780432423 0.46221026077765 0.61615087114413 0.46662257621803 0.62132280851399 0.46964613500436 0.6280247171627 0.4744769628333 0.63118072041103 0.47831132779321 0.63630023396212 0.48275936928213 0.63993922142706 0.48815261711335 0.64152309450375 0.490107257514 0.65639583257961 0.49627222757924 0.65712157482062 0.50231062253069 0.66338711475064 0.50389939256725 0.66955674292134 0.50600238018883 0.67533080955046 0.50651075889058 0.68100732617591 0.50544570699488 0.68879136967443 0.5058362194257 0.6970464828853 0.49940830168467 0.70233621511838 
0 0.3481077933857 0.69066744720969 0.35968431964497 0.70099956646891 0.35777173899675 0.70437524338961 0.35744941284694 0.70962715686934 0.35360445872583 0.71225385826573 0.34637444053996 0.70528134143892 0.33825294598066 0.69879760726247 0.33898834838141 0.69438210186918 0.32956409387715 0.68808156308288 0.32831298942952 0.68144652458935 0.32554892146384 0.67360722757731 0.32163924480605 0.6712990902387 0.31935257977149 0.67103592862576 0.31748829361548 0.66896191129594 0.31401683009596 0.66527496795133 0.31124118621536 0.65686124290244 0.30444561386849 0.64852317495563 0.29668801416588 0.64182856394079 0.29466568477364 0.63668133771101 0.29523393678438 0.62986893349152 0.29146963832871 0.62660808260567 0.28823400623344 0.62255178962886 0.28452285151337 0.61740174516059 0.28105138790615 0.61283491567606 0.28351430810664 0.60125342180588 0.28413233907269 0.5909023983636 0.28519640135403 0.58455538023759 0.28650787395004 0.58083358687399 0.28848626579028 0.57820689834471 0.28767050450075 0.57453023126003 0.28549408544464 0.56678982463338 0.29132564552558 0.56853366126377 0.29664496729101 0.57264087567224 0.30235281955162 0.57341026785918 0.30332553792021 0.56738167763271 0.3062939695632 0.56630980580883 0.30800842127388 0.55465713600967 0.31667936087106 0.55104732546061 0.3226215626946 0.54777919056046 0.32702041901421 0.54556279490468 0.33231846335874 0.5485878875374 0.33523998673849 0.54432651615595 0.34088885904307 0.54983578292779 0.34341036230589 0.55231846775388 0.34172876392161 0.55523305335955 0.33992920030227 0.55770114291791 0.33945278701238 0.56025948484608 0.33839545431831 0.56175028719216 0.33944110924582 0.56892639311059 0.34266229617863 0.56891908230864 0.34563319923721 0.57003457779857 0.3537546862651 0.5633967094426 0.35954319680505 0.5669439685323 0.36933431131464 0.5737942127591 0.36814852751356 0.57942709251268 0.36810735411312 0.58606213100621 0.36888392558919 0.5867515340092 0.36839979309767 0.59649759849745 0.36591500188813 0.6057795808077 0.36171388004959 0.60762083074736 0.35677150860187 0.60270058728009 0.35151493022503 0.60083015904189 0.34586417774481 0.60249253024937 0.34349487766724 0.59919830634841 0.34077534355708 0.59700366706608 0.33748508334744 0.58862479194217 0.33131961846158 0.58274170759903 0.33594599330082 0.57674811622884 0.32928471815688 0.57673648661658 0.32906828361907 0.58863357888906 0.33149260774923 0.59827479573979 0.3252768690887 0.59358286396048 0.31916514172183 0.59350005815584 0.31322729431972 0.59235537215864 0.30901449338332 0.59721305202521 0.30881586955645 0.61611170221136 0.31095320060909 0.62561188111786 0.31465663315353 0.63183229486298 0.31767484403808 0.63668133771101 0.32232635271459 0.63973414302241 0.32733740110136 0.64588634623062 0.32938962012765 0.65243694067517 0.33449874543574 0.65715939243271 0.33777019898687 0.66245346441022 0.33888443605187 0.6720699586646 0.34467156109409 0.67613652790133 0.34118901359276 0.6857704471182 
0 0.30155596043026 0.41134932978657 0.30039332990892 0.41224083256815 0.30406628708989 0.41711088618621 0.30703620050721 0.42360637604854 0.31272079593632 0.42491965228108 0.31520796228482 0.43345341596043 0.33580922488232 0.44482178913558 0.34366648145716 0.45169898992827 0.35202667370697 0.45679080225695 0.346436289342 0.44745563923452 0.33948415863949 0.43853941996828 0.34340551676391 0.4327173974595 0.34582360245423 0.43107185548928 0.34742009169241 0.42679067624449 0.34983095670179 0.42445422514067 0.34853927696358 0.42156869795672 0.34484168042216 0.41662522120613 0.33969436204383 0.41402903364599 0.33480127528581 0.41179655335306 0.33080114541926 0.40656208197315 0.32509814311948 0.40359507254871 0.32014993682605 0.40515646833256 0.31792225435275 0.40695330724724 0.31567715119371 0.40718893382876 0.3125343475279 0.40538120566924 0.30955909012294 0.40241345158829 0.30420117248377 0.40019392837515 0.30412912660196 0.40465471877172 
0 0.3800294630912 0.24797943448921 0.37794191387286 0.24200460846324 0.37908287125118 0.23762841104694 0.38244121877769 0.23485620376723 0.38597117009412 0.23090535415316 0.38972151451329 0.23009159351191 0.39465665741743 0.22270757949407 0.40278399228504 0.2172331626472 0.39564095458846 0.21079381988622 0.40179435102636 0.21073779949967 0.40748577790506 0.20850531920673 0.41151054451946 0.20542410174557 0.41018937347249 0.20290224798671 0.41416387711867 0.20114158211905 0.41942905988667 0.20190381252936 0.42531188323619 0.19917673143455 0.43072927831351 0.20216548482927 0.43275784491431 0.20507724074017 0.43593697445101 0.20403589068166 0.44157139181327 0.20412020818514 0.44384924904084 0.21263580224549 0.44491618125488 0.21369827816326 0.44508630058295 0.21624276948022 0.44614363327702 0.2222043406202 0.44697809876526 0.22447390475126 0.44682302829655 0.22815429511852 0.44933869637613 0.23077948549166 0.45247624856724 0.23239034817841 0.45693735332045 0.24431138405176 0.46067216037225 0.25159935874734 0.46884254630231 0.25258468825 0.47255370102238 0.2535555502814 0.47523314769996 0.24954291531131 0.47176841374083 0.24058886749403 0.46257177672031 0.22912085927697 0.45923074791539 0.2260484064898 0.46187784028725 0.22482151041317 0.45752351782316 0.21576720973932 0.45627389783739 0.21400448092286 0.45688232926786 0.21064622896464 0.4552224040266 0.20411886780341 0.45740654222934 0.19479172445201 0.46244658710425 0.20025886628436 0.46537295623226 0.20144555090909 0.46766150158516 0.1976874184015 0.47057441850501 0.19613406490804 0.47181245971962 0.19136796533968 0.47223908711157 0.18876315684489 0.47373473190803 0.18794150284456 0.47452090290407 0.18315931869545 0.4767655081862 0.17992616903201 0.47654946950488 0.17580375055654 0.47903663585338 0.17060202692602 0.48365529149099 0.17037877890236 0.48347794778191 0.16797607018615 0.48667636928506 0.16794702858201 0.49068085357304 0.16655732725827 0.49453016211558 0.16934459993222 0.4953526529449 0.16536977237832 0.50368583573811 0.17282435665965 0.50585066818771 0.17460306638929 0.5086756069644 0.17760058367728 0.50692531960337 0.18355056122923 0.50372155403756 0.18730884266812 0.49934169882964 0.1870106821989 0.49482547105972 0.18864967119177 0.49084463919722 0.19548174579956 0.49382999844286 0.19919711251505 0.49255671853149 0.20733086922178 0.48886535672985 0.20701302750992 0.48716248105904 0.2047717826371 0.4804833923729 0.2077781099256 0.46665305716803 0.20558122427056 0.46983119791973 0.21149260556132 0.47286196730405 0.21735677562894 0.47544918638127 0.22276283300759 0.47695680583667 0.22533279157742 0.47551054413776 0.2297265411507 0.47798464722197 0.23571002692907 0.48043460306008 0.23689388185904 0.48175527928644 0.23933575950802 0.4895931388931 0.24640791137674 0.48296472706375 0.25052169183662 0.48715189922925 0.25587964440431 0.49263598879431 0.25907643383437 0.49772819536082 0.26399014531967 0.49851336911704 0.26846761602222 0.50103487601635 0.27291513088703 0.49970163134633 0.2778587772147 0.50242947844286 0.28127362306817 0.50788992291384 0.28712111282981 0.51853331645388 0.29296785793495 0.51065488948177 0.29730561104538 0.50342584923693 0.29308638711617 0.49631280286982 0.28741852864251 0.48965637696793 0.28121553985988 0.48859617431428 0.28240296914113 0.48149619121146 0.27631555104985 0.48025913966935 0.28475548800812 0.48294592387984 0.28966990293205 0.48838796116135 0.29899853319966 0.49215423144175 0.30454562852254 0.48913019210536 0.30865136669204 0.4844293961266 0.30567274062595 0.47997016442911 0.30227457507845 0.47968653325154 0.30301116941911 0.47007236659454 0.29563953658493 0.46610261871385 0.29034190119508 0.46612103284092 0.28259715515945 0.46066543081186 0.28038212028659 0.45770809250083 0.27337192384004 0.45430718381368 0.26798329142387 0.45177222423124 0.26025745909941 0.44979195207261 0.25204808876419 0.44755268446554 0.25057692414006 0.44905555364301 0.24797943448921 0.45029349586223 0.24125861156499 0.44731883856715 0.23987174178809 0.444885799269 0.23711936385224 0.44307465684723 0.22865098101504 0.43410603316696 0.21935439120016 0.43248678218041 0.21592137572769 0.42931874266313 0.21637799910362 0.42834068023188 0.22162693395729 0.42456767302846 0.2215194055563 0.42084494525605 0.22265230406502 0.41663896990664 0.22302612164576 0.41116545662128 0.23414863114523 0.40823859267265 0.23857948634984 0.40630859433872 0.2399568030428 0.40499811141707 0.24314050751355 0.39808319630629 0.24871528280173 0.39437876615902 0.24830812587561 0.39096430597455 0.25326470858089 
0 0.42931201310274 0.40499130351719 0.42425306608027 0.39849238823489 0.42153204750825 0.39615727679796 0.41932376205941 0.39833601036642 0.41115872706089 0.39249149923084 0.40749685656801 0.38824604576657 0.40254380115753 0.38388058913637 0.39604878574086 0.37429030679138 0.39393134935727 0.37223818236315 0.39233090155415 0.36971186066519 0.38967895994024 0.36411963915741 0.38986263735322 0.36086176689762 0.38414755819281 0.35693340591035 0.37972702873018 0.34962713403284 0.37784483006784 0.34879743774213 0.37678749737377 0.3447672077434 0.3775471505473 0.33954522945563 0.37655849892987 0.33472311263286 0.3709096266253 0.32907491203941 0.3668969239202 0.32395331345007 0.36515921287797 0.3153511903025 0.36541246206967 0.31053266691539 0.3655438864255 0.30600664460796 0.36772416502743 0.30202226554018 0.36939616389174 0.29725827092054 0.37284833385106 0.29649261509026 0.37481405378968 0.29301149480681 0.37996137577432 0.28960735178309 0.38595910124613 0.28743593332605 0.3879712350274 0.28085557289979 0.39292914463105 0.27672138885136 0.39537909551802 0.27514910049303 0.3963648771509 0.27289847122683 0.4013053641177 0.27227310868426 0.4046767749085 0.26780725462337 0.40001942429865 0.26367321950624 0.39061932193328 0.26368989981221 0.38590496309559 0.26110400559293 0.38125929490863 0.26062978736708 0.37389299469349 0.25533291758988 0.37063272061323 0.2509398909363 0.36808420083175 0.2492142026804 0.36662002230301 0.24654611962621 0.36093779923156 0.24568067982271 0.35973360789096 0.24460152359896 0.35819599819364 0.24501019109523 0.35305451903609 0.24089787849379 0.34855906978826 0.23947111657208 0.34682145771015 0.236856053308 0.34062264554448 0.23428532846001 0.3394459620879 0.23230739344247 0.33796248984113 0.23234164764223 0.33504868559423 0.23047119768603 0.32850577154185 0.22701839606822 0.32159184413996 0.2256949706684 0.31562212714112 0.22516852034987 0.31278264851343 0.22740829822027 0.31000512428327 0.22676834040997 0.30504484163549 0.2324259427599 0.31741001299389 0.23754543477171 0.32361269159019 0.23977940437771 0.32975014642908 0.24202218235703 0.33544008870216 0.24471200926777 0.34192006523462 0.24796913695332 0.34829859621555 0.24843605786515 0.35596158621622 0.25180443715199 0.3617133810664 0.25915866490917 0.36492922449906 0.26053970488471 0.3680856809701 0.26333723048598 0.37577806331541 0.26589989142195 0.37357264782614 0.26975840362796 0.37197269484364 0.27076190274963 0.37142037607112 0.27323594956012 0.36833359042894 0.27773873858423 0.36666158723482 0.28364148185941 0.36152158859531 0.28557727061386 0.35602344281215 0.29013384416436 0.35009331059284 0.29125304272618 0.34512481677912 0.29152218177377 0.34062986629572 0.29153154427039 0.33667763506488 0.28922268245075 0.33225997556183 0.28679465541297 0.32683100496344 0.28183211545556 0.3241080038276 0.27710307924175 0.32138837075331 0.27149134759147 0.3182117213573 0.26689532745538 0.31768740943169 0.26358952011378 0.31569655116197 0.26129299941682 0.31223765308604 0.2568977387937 0.30159317358444 0.25683235795155 0.29291540524353 0.257997298606 0.29418927147171 0.26656963549291 0.29516772978417 0.27448890861482 0.305484044415 0.28111873451273 0.31148958617129 0.28325753695949 0.31713073623775 0.28593800255636 0.31997011590131 0.29217584126397 0.32089117812881 0.29600246210854 0.32087910137445 0.30086017449097 0.3262733388469 0.30411804675075 0.33224740711816 0.30646326798389 0.3319815894828 0.30823986950101 0.32281533444816 0.31237464927466 0.31685670458014 0.31477661333435 0.31229366677986 0.32032951697806 0.30801228087469 0.32280058516249 0.30406628708989 0.32578872352192 0.29825600173653 0.32774197687484 0.29323486144183 0.33208913268699 0.29095453005357 0.3343507843652 0.2884736973463 0.33323379956219 0.28383475394621 0.33055335308732 0.27839172702344 0.32959483121925 0.27436596534723 0.33536457884057 0.2741431970999 0.33879982828259 0.27268337727921 0.34260681025767 0.27759536270257 0.36144647119439 0.28208496923672 0.35376787105861 0.2854694433773 0.3540194160299 0.28827606598694 0.34818220252818 0.29540791571765 0.34664121033288 0.29862424980838 0.34990429518829 0.30133992174894 0.34739539845282 0.315515344852 0.34076467896709 0.32207943722679 0.33649318025701 0.32755868488121 0.33108280387056 0.33889611381843 0.3382413358952 0.341173971046 0.34358484212647 0.34366499699531 0.34364084029651 0.34465028380757 0.34701875118676 0.34909694364261 0.34848036299739 0.35434085076781 0.35145749975045 0.37380610419317 0.36422001885583 0.37381818228457 0.3698339843339 0.37585495843927 0.37513534300633 0.38200736006084 0.38013839227824 0.38348598774067 0.38312578742961 0.3858982335352 0.38433736144361 0.38838005582103 0.39086040359705 0.39194236840581 0.39497552443866 0.39797057005255 0.40687334839705 0.39987592631977 0.42400193759011 0.40421332591876 0.42920291656412 0.41064025401856 0.44268745462792 0.41460455887246 0.44724922044814 0.41632970147102 0.44948453037944 0.41743146905648 0.45387547199477 0.42307697643816 0.45776674908751 0.42704227093329 0.46588454763673 0.42906460279432 0.47471854127575 0.43394026826032 0.4795602980685 0.4407673083109 0.49361123730425 0.4495078196868 0.50905571131954 0.45059019030409 0.51223941579028 0.45300155013408 0.51379708829154 0.45404819470283 0.51829689868959 0.45554374706809 0.52041455289128 0.45992369470722 0.52698123191658 0.4640827609559 0.53282067938785 0.46878167649756 0.53924334184286 0.47478039385442 0.55089900350208 0.48170935993319 0.55855928508756 0.48206879762927 0.55783652147262 0.48541903738529 0.56372243551052 0.48740415144831 0.56396683177924 0.48889534285923 0.56622835361992 0.49155648813661 0.57441093728608 0.48688508462124 0.58241301621264 0.49106641779769 0.59243966727631 0.49823508200213 0.59581832282308 0.50226905759888 0.59542276128151 0.5052475808199 0.58799942939959 0.50913370401634 0.57644712606486 0.50541671829955 0.56673889012765 0.50144468645122 0.56380687955949 0.49698645165759 0.56044564897521 0.49037208550813 0.54916380488728 0.48419553664046 0.53642183830176 0.47729654967219 0.52715146039626 0.468409083431 0.51082427054628 0.46610845759713 0.50675770130955 0.46315833707952 0.5041237022793 0.45913218627208 0.49413487976667 0.45876008115882 0.49439670099788 0.45667638492713 0.49044644710903 0.45492621092267 0.48325589485418 0.4507274535432 0.47480151155949 0.44601893848157 0.46922595467112 0.4408431148294 0.46249502010482 0.43713196020308 0.457572542668 0.43251043460589 0.45158118526736 0.4322640139387 0.44685723325784 0.43766884665371 0.44905411891289 0.44356997228469 0.44945548877529 0.44757109179248 0.4519977461227 0.45203120690446 0.45647445616006 0.45527317262188 0.47019461955436 0.46310281820631 0.47142285601272 0.46668353811803 0.48123428595993 0.47206995742473 0.48922118927674 0.47260881707647 0.49399816083023 0.47600486993398 0.49637391298055 0.47625999944403 0.49590194968038 0.48152231774003 0.50590104845294 0.48609940844582 0.51129682957167 0.48982936625558 0.51499403464585 0.49215561693948 0.52229361914507 0.49457420866939 0.52421781158377 0.49777846153691 0.52722845788007 0.50106100254492 0.53606976470074 0.50565739125477 0.54032249806661 0.51095058635726 0.54461588967827 0.51566494030216 0.55132509596084 0.52111469664782 0.5546672633383 0.52591505041594 0.55886472976855 0.53187130514499 0.56221568417756 0.53477451666813 0.56223312247747 0.53956319266969 0.56513758075452 0.53993243647873 0.56080487127878 0.54281823038906 0.55743796784685 0.54848451149899 0.55326239435422 0.54558802953624 0.55095425701561 0.54281922003031 0.54992736203147 0.53663198288101 0.54732404278394 0.52306697014821 0.54428868760491 0.51738325437621 0.53459802556149 0.51411863388717 0.52860577457303 0.51015808956991 0.52608243150114 0.50626136929969 0.52378442149115 0.50446864197373 0.51651240381339 0.49948470198791 0.50418774273973 0.49110273763096 0.49630272381757 0.48739930954392 0.49109949574004 0.48471984856606 0.48545129119619 0.47997601046252 0.47759397349645 0.47454020090813 0.47081923744042 0.46987424041955 0.46179027717758 0.46761033713337 0.45535018976009 0.46465497151722 0.45065617294253 0.45901470923408 0.44485083073972 0.45318849336313 0.43715629495449 0.44454031551432 0.42602650972724 0.44138000137378 0.41849548354493 0.44069189764889 0.41365372675218 
0 0.26298459605171 0.28073551382111 0.26720412948637 0.27850005490204 0.27343045746539 0.26478943877346 0.27606686177853 0.26429709273578 0.27538024867326 0.26098322230595 0.2726335983239 0.26036649777897 0.27085194716589 0.25775305126858 0.26670831921577 0.25281387237221 0.262960448805 0.24877932326377 0.25786923934969 0.25402098173907 0.25631708599957 0.25765996920401 0.25681091698766 0.26212058975082 0.25513416780307 0.2707742640478 0.24943987096471 0.27477826153844 0.24671736786207 0.28267134334968 0.24350004413008 0.28900822137399 0.23869009072049 0.29152426681201 0.24197451212982 0.29751800711351 0.2451826321981 0.29749177517921 0.24771284800418 0.29963998032299 0.25305730665759 0.30274504906559 0.25384832691566 0.31245477431583 0.25799967406759 0.31806293147307 0.26120927859776 0.32541490594118 0.26149528492152 0.32922831128182 0.26422065798381 0.3302370229991 0.26724519959861 0.33505107844712 0.27318255233009 0.33950010327073 0.27433498957583 0.33988777145323 0.27538608755668 0.33585024382065 0.27441475466128 0.3318550126782 0.27158111484529 0.32355475391592 0.261265292293 0.31694445738525 0.25618031757762 0.30185712063529 0.26122085740049 0.29288713716855 
