0 0 0.28488863825109 0.02438452290606 0.28458519891267 0.02512634974656 0.31088027872022 0.00074167790919 0.31118419754309 
0 0.02408204342141 0.28458857902903 0.04846667057939 0.28428505606266 0.04920842295424 0.31058061535466 0.02482521064367 0.31088413832103 
0 0.00073155058031 0.31086385067574 0.02511622241768 0.31056031302939 0.02585790032688 0.33685786628384 0.00147337742081 0.33716178510671 
0 0.02481657262786 0.31056517695142 0.04920114021332 0.31026076330794 0.04994143306136 0.33655830188241 0.02555825053706 0.33686172588465 
0 0.04816851010264 0.28428851980698 0.07255456700117 0.28398499684061 0.07329624491036 0.31028006131199 0.0489117220043 0.31058496977609 
0 0.07225342789828 0.28398885644142 0.09664390805663 0.28368543243917 0.09738424558406 0.30998000208994 0.07299674405185 0.3102839209128 
0 0.0489029946297 0.31026412808813 0.07328760689455 0.30996070408588 0.07403077411682 0.33625764887561 0.04964619163823 0.33656115781884 
0 0.07298795710473 0.30996454899166 0.09737396932387 0.30966015004321 0.09811728547744 0.33595808447418 0.07372978394523 0.33626150847642 
0 0.09613054184117 0.28392264944289 0.1205165540603 0.28361972026126 0.12125972128256 0.30991379509141 0.09687221975036 0.31021771391427 
0 0.12021556388872 0.28362308504145 0.14460008679478 0.28331916621858 0.14534325401705 0.30961472551059 0.12096022042405 0.30991864433345 
0 0.09686060310841 0.30989934632939 0.12124810464061 0.30959483372179 0.12199127186288 0.33589039301379 0.09760525964374 0.33619391598016 
0 0.12095143347694 0.30959829746611 0.145335956383 0.30929477449974 0.1460777832235 0.33558944311463 0.12169311138613 0.33589385675811 
0 0.14408955027416 0.28332490613774 0.16847124348539 0.28302247177673 0.16921307032589 0.30931654660688 0.14483137711466 0.30962145507098 
0 0.16817308300864 0.28302633137754 0.19255775484601 0.28272142291344 0.19330092206827 0.30901698220544 0.1689162502309 0.30932040620769 
0 0.14482259016754 0.30929962374178 0.1692027940657 0.3089952100983 0.16994611021927 0.33529264970865 0.14556441700804 0.33559666749563 
0 0.16890463358895 0.30899906969911 0.19328930542632 0.30869604155336 0.19403395818864 0.33499209566598 0.16964646042945 0.33529611345296 
0 0.19205004802022 0.28295765027592 0.21643322620565 0.28265323663244 0.21717639340914 0.30894879592444 0.19279187486072 0.3092527147473 
0 0.21613507006777 0.28265808587448 0.24052257159998 0.282353672231 0.24126290416129 0.30864972634362 0.2168768925582 0.30895313562528 
0 0.1927830879136 0.30893622748077 0.21716626608052 0.30863181383729 0.21790809290228 0.33492638348806 0.1935249147541 0.33522990645443 
0 0.21686661629827 0.30863517861749 0.24125277683266 0.30833125979462 0.24199594403615 0.33462681908662 0.21761127281479 0.33493022902452 
0 0.64340065636697 0.45126237218031 0.64725201987043 0.43952057583501 0.65218968830019 0.41623016111322 0.6418560898204 0.41561410944525 0.63237914419722 0.41703523425682 0.63433684617916 0.40913067283101 0.63573307714764 0.40613948220219 0.64023586617175 0.39349404444641 0.6283039516885 0.38855591990892 0.61211065067111 0.37308506914061 0.59587354992511 0.3749754818252 0.59272484431065 0.36370722881021 0.5883149884198 0.35971095854447 0.58159416549557 0.36249481933483 0.57188161055056 0.3627784505124 0.56879100138456 0.36856646623173 0.56604946071316 0.3685684455142 0.55179049268287 0.3641879831963 0.54043150189288 0.35591182481248 0.52498583603697 0.34935307650035 0.51753629205749 0.34585835641184 0.50945556545742 0.34778597960681 0.49757888974409 0.3412175328106 0.48711304026697 0.3334375672161 0.48257301841703 0.32853864518111 0.47358412067478 0.33113259381873 0.46987827379608 0.33392763755502 0.46617240543452 0.33302835056597 0.45668101347492 0.33309881302181 0.44902789080671 0.33798477075664 0.43429768110737 0.33400590408891 0.42089892747427 0.33612048460062 0.40885500190733 0.33942133397146 0.39910029940348 0.33947061810489 0.39972923629734 0.33537676921351 0.39782977537632 0.32347979712276 0.38858128145108 0.31627639651102 0.36724508507706 0.31412511439723 0.37976603760848 0.29291937893419 0.36996710250756 0.28692492405352 0.36551078005008 0.29236458605859 0.3514728132632 0.288472722943 0.34479339324129 0.29849856536853 0.33807406704187 0.30975969325111 0.3410170911147 0.32165707589856 0.35056522590086 0.32966218487372 0.34274633247737 0.33944695172916 0.34997113893198 0.35985632340704 0.35209311214146 0.36081025202685 0.36417263228989 0.3775245007508 0.37536288362628 0.37459080827767 0.37620285617692 0.3632989028372 0.38551106263346 0.36521484826561 0.39824290189036 0.36516605895279 0.40751031033567 0.369308697157 0.41862415074759 0.36905168732861 0.43133931946637 0.36849451931404 0.4335195150476 0.37795697396992 0.44289027265152 0.3711039063549 0.45796376923073 0.3676517276017 0.46466865667488 0.36913421020721 0.47132900288014 0.36713128851464 0.48832891542715 0.36876122762652 0.50115384828013 0.37210511326579 0.51087220001445 0.37752252146834 0.52069810370652 0.38407938946212 0.53155533262348 0.38983266877415 0.53894665676142 0.38304046409499 0.55083925563796 0.38659218751857 0.57102497099057 0.39099282519239 0.57424217170794 0.40122462694334 0.59265782522416 0.4057529160611 0.59200194559094 0.4230716380881 0.59993431084102 0.43784333187216 0.60302627362892 0.46097570088893 0.60658529917893 0.46783262810477 0.60277472865764 0.4734283565324 0.61435905222258 0.485022795298 0.62093302888175 0.49425288219222 0.61148960712064 0.49474770280906 0.59874166896415 0.49534109169278 0.60536940982381 0.50026167698306 0.61210767204497 0.50917042759374 0.61380353846126 0.51509472657362 0.61807652648437 0.52051261647156 0.6076427114591 0.52996260164789 0.61003661900677 0.53883552702087 0.61435905222258 0.54380787164774 0.60987370243897 0.54776445739997 0.6031921831008 0.5502405398292 0.59850174063453 0.55504090222246 0.60146428211986 0.56374756786818 0.60560933815344 0.56593952423667 0.60615339838844 0.57052818563225 0.60991002739896 0.57797465024364 0.5988158367532 0.58346795080358 0.60747097944474 0.59131263134717 0.61059794108893 0.60170188528085 0.61136301550964 0.61308275975573 0.60330120081482 0.62140871745647 0.61655817184718 0.6323807643001 0.61884739491027 0.63933339637335 0.61272289292448 0.64516198115603 0.59811049810075 0.64533497667091 0.59510716334328 0.65492212612224 0.60527334913318 0.67289707881378 0.59706619180198 0.67740657702332 0.58691875745132 0.67848508803979 0.5742989145345 0.6903124883518 0.57342185808934 0.70264331438426 0.56817591508638 0.70683870524136 0.56353922359596 0.71293796312868 0.56207016522016 0.72055552859673 0.57425959667043 0.72433140575973 0.60469892109634 0.72496151033322 0.59857875211101 0.70817244009654 0.60032257474873 0.69420920070944 0.62091411460623 0.70023205829352 0.63278930100652 0.70275544551117 0.63295805503434 0.69571780485598 0.64061117305608 0.69370953085055 0.64864676152588 0.69249949148274 0.65077737275095 0.68670277195194 0.65758412903719 0.68237121123622 0.65444257212528 0.67599841651191 0.64321747086391 0.67207656726693 0.629979428893 0.66899749087147 0.64116966544347 0.66353903130806 0.65157148979156 0.65514053396735 0.64935790849916 0.64473970746885 0.65324696699606 0.63398695206295 0.6345593495463 0.62290475810944 0.64356792134978 0.61518475778918 0.64338324652902 0.6035458911167 0.64505723442045 0.57862890206323 0.65231912495303 0.56802895377335 0.6538084380237 0.55372942965958 0.65513197512828 0.54170389433178 0.66816048554136 0.53504995137378 0.67525214741082 0.51966221775945 0.66571996396291 0.5165947163164 0.65170387438881 0.51650674668585 0.6494670904227 0.51502415563887 0.64846640571758 0.51272018139752 0.65151622094665 0.49824568871364 0.65231614632689 0.48641065792649 0.63589883768822 0.4804935042638 
0 0.4872679288224 0.49074371334169 0.49053309871605 0.49464953039868 0.49072865678544 0.50570668318835 0.48553570883367 0.52155253147991 0.48235706802724 0.52933436823946 0.48242468283894 0.53680597077883 0.47358412067478 0.54035571491993 0.47749282273001 0.54270611284993 0.48100745255669 0.54531747917326 0.48679879521699 0.56175868588084 0.48700239548263 0.57003138572039 0.48179575698757 0.57696085381371 0.48048665079845 0.58502485439241 0.4699930890895 0.58594106424656 0.48168002632242 0.60657567775363 0.46688221202607 0.60218315513792 0.46484602324729 0.61220139231064 0.46245135682146 0.61950187672741 0.47434621300808 0.62287091237924 0.47736340142744 0.63287558492945 0.46805296100135 0.6473587929938 0.47505020042451 0.65174834668581 0.47877407873234 0.6591310702891 0.48622004817235 0.66910764356588 0.49141730386377 0.6743670919023 0.50021944175168 0.67159727845804 0.50993840074273 0.68182512720347 0.51305091605049 0.67393412386256 0.52561699476682 0.67451395466138 0.52583517912616 0.67585056411159 0.52783638125423 0.67583700602669 0.53306355993205 0.67237711576988 0.52146613041241 0.66292238585535 0.52034914563763 0.64881999827533 0.51809627377206 0.64201918371745 0.51734714929751 0.62658018668722 0.51396431173366 0.62336385267774 0.5160979015848 0.61952899289721 0.51379557256702 0.61606326929685 0.51699372337418 0.61273480893559 0.51770204065269 0.60862937409165 0.51961893545753 0.60406386933841 0.51830134021719 0.59624530773581 0.51682945214663 0.58881141968074 0.50999812219536 0.58291028796839 0.5196582533216 0.57729625117795 0.52185588363316 0.56666819707703 0.51602805280355 0.55866506738434 0.51813260105055 0.5492624860231 0.51593646005202 0.53943860549064 0.5182431080776 0.52448572913243 0.52128130666501 0.51757080894031 0.52652160350309 0.51461345451652 0.52639501189528 0.51004993142079 0.52721682701684 0.50163798093447 0.52515158444399 0.49281671483389 0.54678147334813 0.47736613900123 0.53094010969351 0.47601744542778 0.5288893255952 0.46673757934508 0.52643581907239 0.45624828367974 0.52364484644846 0.44485682033116 0.5287061400875 0.43989553948575 0.52705105428634 0.43367159821568 0.53466339237018 0.42854169391675 0.54897180602583 0.42407049482296 0.54539687167049 0.41411321955024 0.53172258247709 0.41468335186497 0.51755519438764 0.41366956338518 0.49755133745298 0.41593980037525 0.4735760783844 0.41367292816537 0.45664750393168 0.41539906040517 0.43485974784604 0.41343858112124 0.42385789460832 0.41604559302313 0.41700468116119 0.41067748207926 0.40416813379233 0.41107610956818 0.39988055947463 0.41750442316571 0.39183766439784 0.42198344042525 0.38859796175705 0.41522943589771 0.37234568435264 0.41775033704014 0.35741547012766 0.42179401122313 0.34254706239355 0.42900849599895 0.33014391452304 0.43036826308839 0.32141385938593 0.42451118206432 0.30941133672131 0.4232630465404 0.30384532712291 0.42596516296485 0.28520345303312 0.4403903601151 0.28073849244725 0.45325569647801 0.28222482689178 0.46810229464081 0.26960423331754 0.4814730511569 0.24956969653441 0.48945054914163 0.26061235694923 0.50473060978973 0.28801407851293 0.50759027709859 0.29335907405723 0.50419808384189 0.30084421890129 0.50471506264714 0.30620514362377 0.49641673274967 0.31221258560517 0.48873592920679 0.30467725738317 0.48153539855462 0.31517661640353 0.48059306217191 0.32524913830863 0.48055347652256 0.33659934186477 0.47691040921312 0.33379585901137 0.46995540855102 0.33732941050653 0.45623621005669 0.35284000262753 0.44775369815041 0.35309437729358 0.4465229803122 0.37083895459659 0.44530136717334 0.3789915948313 0.44572325123126 0.38645558495902 0.44444512957795 0.40041863930034 0.43642981579783 0.41254269920146 0.42950628555207 0.42371254723148 0.43605683151711 0.44104099265839 0.43890787750958 0.45498514308939 0.44386569463563 0.46620800001601 0.44532887919963 0.46403375191907 0.43849708887113 0.47860980750479 0.4369778906133 0.49002464724657 0.4433336635084 0.48789180205195 0.45975071205876 0.48028096565917 0.47050723250293 0.48358307051604 0.47718642015319 0.48236511031762 0.48606023620328 
