0 0.44137993569947 0.62700228069456 0.45195240515443 0.62400049136665 0.44825990952174 0.63487323172187 0.44537240997429 0.63832057986059 0.44964868795534 0.64291528015476 0.44328685906039 0.64452183187638 0.44693973782109 0.62757072389631 0.44142338864409 0.62577355437782 0.4420399824799 0.62451954562658 
0 0.42422653338691 0.65926913471703 0.43447628552174 0.65935638851423 0.43140257886197 0.65689893588076 0.43187954412156 0.65193452407928 0.43577199946908 0.65083091641515 0.43815588808959 0.646473988598 0.43897315212138 0.63793475815083 0.43387421846323 0.63842970028644 0.42949792155487 0.64733182748024 0.42924842813063 0.65341125343956 0.42627160789117 0.65738353547414 0.42455620514809 0.66224799346481 
0 0.44105026393829 0.7396926764566 0.4436394330582 0.74026570577438 0.44070457352079 0.74551257237409 0.43749349711554 0.74305735691414 0.43318283762823 0.73182290135647 0.43807954551773 0.73125222389307 0.44109074034794 0.72626488151146 0.44903974459558 0.7276692913498 0.4470618703081 0.7323798204718 0.44533724707016 0.73421955535727 0.44433994896922 0.73576754910218 0.44327771670531 0.73482469068438 0.43974001599058 0.73672875198409 0.44236966148806 0.74018985847088 
0 0.42891874945394 0.70336758012225 0.43123552296316 0.70731446212961 0.42923998211812 0.71743731371827 0.43076691169507 0.72623724722259 0.43380022008498 0.72831005407349 0.43651448372475 0.7234352479236 0.44244216796337 0.716940131704 0.43716538815011 0.71178275025128 0.43577278086695 0.69701592701935 0.43775143655229 0.68905548793318 0.43610088983238 0.68159916430522 0.42673935950803 0.68365233322398 
0 0.48360519191552 0.64685874656921 0.48910396686353 0.65120756589285 0.49542305329502 0.65191041757197 0.49651880752753 0.65724795106959 0.50074859233535 0.66027737468637 0.5050554229731 0.66522685221259 0.5076125475013 0.66582516396486 0.50923637041407 0.66934835457114 0.51291519158404 0.66629259502133 0.50364523423787 0.65779228776403 0.49520707492387 0.64826198588443 0.49251031459638 0.63854224213516 0.48598829913816 0.63430937463614 0.48524503348462 0.62301859216627 0.48227665925767 0.62116862351713 0.48024150850635 0.61717000071358 0.47667716212427 0.61657626890825 0.4733943533946 0.61456660929647 0.46812375452209 0.62057031176485 0.4610995267555 0.62005125750491 0.45521919522778 0.62057489788087 0.45463236542773 0.6270884761573 0.45462478586839 0.62940811012456 0.46584894114659 0.6363477268205 0.47535777182149 0.63651881856079 0.48101525690006 0.64479852208715 0.48333123382245 0.64779008092411 0.48525417583969 0.64834818134717 
0 0.5050470620159 0.71437460766364 0.50466019193067 0.7202554196698 0.49679354701848 0.72530826474559 0.50498142459485 0.72883251852227 0.50536141837883 0.73266815781783 0.49647153295642 0.73312747497671 0.49298884265171 0.73222259900702 0.49051485885684 0.73806319415485 0.48331669982207 0.73870042909699 0.47478774207563 0.73757283251825 0.46678224276201 0.73423449282969 0.46240055420835 0.74453079074163 0.45843636653641 0.75026343591859 0.4659656819883 0.74803670014277 0.4714980570447 0.74466049551353 0.47865659920748 0.74501880053618 0.48558384760087 0.74416213755948 0.49053322170678 0.74764629230713 0.49655162623806 0.74503138295739 0.49938270885933 0.74604773684999 0.50114468291544 0.74128546983015 0.50603678055751 0.73522556426212 0.50928598917879 0.72835144671044 0.50767818492234 0.72131422805806 0.5152250818263 0.7257273651947 0.51105866838571 0.71870402248312 0.50542557114392 0.71345821130601 0.5050470620159 0.71685628809563 
0 0.49943912578551 0.67565168190263 0.50207790639107 0.68111445164557 0.50460979176808 0.68726055267634 0.50642286924486 0.68351110884352 0.50762856615762 0.67524175368556 0.5027547532257 0.6746858882036 0.50075851608829 0.67763841088352 
0 0.51173551522034 0.6953725687768 0.51164315399216 0.70211357137101 0.5072638096321 0.7054804860902 
0 0.53738271237521 0.70048632333091 0.53052414885456 0.6972639300629 0.52863089995636 0.68954925975861 0.52874084263661 0.67871332592431 0.52819371726341 0.67854787296923 0.52880718331574 0.66260970866724 0.53015095323205 0.65715034911314 0.52681399363002 0.65181163968834 0.53531474291337 0.65097790731341 0.53836485135748 0.65529802860963 0.54193755869677 0.66084816974249 0.54227184070538 0.66465382289481 0.54068990071841 0.6776143043762 0.53998945566812 0.68262692469182 0.54070748217048 0.68663237237354 0.53900966087946 0.69152564058026 0.5403442884407 0.69500168134231 
0 0.54133322558444 0.63494331698216 0.54564005622219 0.64335731118401 0.55322664813793 0.64633511159732 0.55789370319356 0.65505343575492 0.56179451949828 0.65698736560515 0.56457371730101 0.66174963552334 0.57821536130811 0.67366507051447 0.57899824383364 0.67975366870584 0.58405982667362 0.68175756622364 0.58619718426627 0.68508320589859 0.58786148358869 0.69002010100392 0.58779662756551 0.69135101539312 0.57801696438902 0.69157608785654 0.58159889222317 0.70484325114806 0.58586759064489 0.70852601990943 0.59048494879601 0.70639123779566 0.59503909185949 0.70430808668568 0.59834401414887 0.70088472746156 0.59700094749064 0.68424029683188 0.58790501837354 0.6735812269061 0.58616514695362 0.66612138002304 0.58786148358869 0.66125574610519 0.58676643261426 0.65730886409783 0.58562793591829 0.64696787801615 0.58288311962182 0.64737663030603 0.58165149106533 0.64386836365946 0.57721798506738 0.64139598223034 0.57168412535502 0.63975721010382 0.57305079022892 0.63295776392846 0.57003279723724 0.62449202893043 0.56415168431165 0.62359855945444 0.55985555882471 0.62940587586291 0.54633221845507 0.62940469993572 0.54603381247443 0.62037052173593 0.54132556788532 0.61854924571013 0.53837243091682 0.6250144933792 0.5396666602082 0.63298069450859 0.54331266266765 0.63742605205013 
0 0.54264417679023 0.74279324068758 0.54991102069773 0.7416782295103 0.55575017255773 0.7472477705737 0.56271789736076 0.75119818046242 0.57170780171047 0.76139911387393 0.57573840820133 0.76884743685873 0.58025809161876 0.77196176249702 0.58454741894423 0.77044246453422 0.58454898173997 0.76004397535046 0.58693888712408 0.75172864122946 0.58723574017473 0.7437360991292 0.59108631259644 0.73828932495273 0.58625289793437 0.73513819287219 0.58091891979706 0.73125222389307 0.57423890568961 0.72637165569996 0.56811743477933 0.72220652160686 0.56282471444953 0.71329628240677 0.5526055149714 0.70684138662265 0.54627345733527 0.70557350193062 0.54038929695799 0.70949404316901 0.54314552166335 0.71441247621751 0.54779273912329 0.71463190423044 0.54330805242022 0.72679769411948 0.53806416945727 0.73399213423664 
0 0.32460213386524 0.57586791015685 0.3222369987936 0.57396620071152 0.32031397863657 0.55552565564622 0.3230423898103 0.54423041236437 0.32518974506317 0.54051083708208 0.32898030612849 0.53764215454852 0.33522430022472 0.53318880886523 0.33839333742458 0.53263988605477 0.34075894133494 0.53666038110398 0.34474868071722 0.53750787182699 0.34503904816555 0.54012266351796 0.34672124149918 0.54211162676049 0.34967328451066 0.55153974056762 0.34588108731929 0.56094833398345 0.34401651091342 0.57281555595994 0.33490228616266 0.58044520672867 0.32465972288823 0.57776726774781 0.32130369717818 0.57437848078296 
0 0.21970025289411 0.5488204089498 0.21922328762247 0.5567165248189 0.21919281310479 0.56370435452947 0.22142479803584 0.57078978619648 0.22508720994307 0.57553488757776 0.23034484564135 0.57635474401189 0.23212666724836 0.58485152348764 0.23800855963602 0.58418324406779 0.24420629497837 0.58352178502562 0.2499026854476 0.58344828957649 0.25528550095176 0.58126976687155 0.25923101321462 0.58578168189183 0.26298500485965 0.59053019346194 0.26868757123145 0.58968505459331 0.27808911311945 0.58298309278167 0.28301903041841 0.58049000955446 0.28854226311973 0.57644775266951 0.29094709320315 0.57002613908184 0.29174607252479 0.56220692885071 0.292692657904 0.55484361786106 0.28742205113391 0.55224364278695 0.2849542403822 0.5444359644365 0.28402703367016 0.53578066176593 0.28178778179531 0.52760774084737 0.28031008343717 0.51977935838419 0.28056231551645 0.51045343264954 0.27930278029048 0.5067373851488 0.2797843557975 0.50232648227381 0.27640652908689 0.49659383724167 0.27388300466708 0.4959393161699 0.27127673021289 0.49363567481236 0.26628883319201 0.49249996433605 0.26175992927973 0.48998383293599 0.25483150878954 0.49035707222485 0.25038652700844 0.49371834249355 0.24467677688849 0.49447739423861 0.24246190237433 0.49184532567156 0.23978194210103 0.49265377561199 0.2369650027812 0.49517790331691 0.23487992070602 0.49907657230964 0.23237655829336 0.49971169058285 0.23073671668284 0.50311305996858 0.22767254299967 0.50888827356487 0.2239567616166 0.51351613500569 0.22019511217742 0.51902487486817 0.2162438174705 0.52013190135458 0.21276800337924 0.52387322277887 0.21282793659735 0.52879860230871 0.21372529393344 0.533147533821 0.21699130269143 0.53877799078067 0.22045492697562 0.53689003968342 0.22367092626868 0.53654431709071 0.22984318819641 0.53644906698864 0.23374744077364 0.53122971417322 0.2345822862575 0.52311193602955 0.2460430488106 0.51169250712551 0.24978445994993 0.50811192643661 0.25464795842997 0.50950034366522 0.25601462330386 0.50961510528744 0.26072098267233 0.50979197360737 0.26206358049184 0.51596218114545 0.26501828025608 0.51970586293506 0.26645323930377 0.52422695018739 0.26498889969618 0.53021230197182 0.26374655522334 0.53543506497608 0.26519182872291 0.54019156475235 0.26253976435356 0.54104482561728 0.26425290104283 0.55003877925735 0.26318496729487 0.55613667512344 0.26592782737627 0.56260533298136 0.26195832619881 0.56154546980854 0.25774073119776 0.56365155539881 0.25310079064821 0.56407759381833 0.24400141245697 0.56436698949883 0.23821266075956 0.55706800945482 0.23589933439778 0.54406271714672 0.21745678141409 0.54062102145942 
