0 0.34107486049361 0.11997728550113 0.34409168615275 0.10863487982779 0.33555467524397 0.11238314773342 0.33177247513585 0.12101539402101 0.32702415470179 0.11039477245448 0.32200382966932 0.12337018821113 0.33476225966444 0.12807154510109 
0 0.36563505507211 0.10415859540125 0.36494984728028 0.1158403736605 0.35521550518022 0.11752042083126 0.35083733291697 0.1028557856718 
0 0.38561985837845 0.06820377851567 0.38444776154447 0.05879636078937 0.38757335310174 0.05468061553412 0.39306180773516 0.05882848386133 0.39150815435108 0.07281848959414 0.38483846048913 0.06643988769199 
0 0.38404674237405 0.07759745767837 0.39108049529706 0.07570266637075 0.39427281815343 0.08456517903405 0.39539263944032 0.087715723151 0.39160246907394 0.09047174369702 0.3809039601426 0.09002794877699 
0 0.37578447572049 0.1253384551352 0.36926964912267 0.13352631853916 0.36927840077881 0.13689099899669 0.37732820535163 0.13770062486431 0.38092232299254 0.13766099611814 0.38437141318886 0.13394083287225 0.38886031542545 0.12565135078853 0.38256411805631 0.12571969072892 0.38243589066591 0.13160226647729 
0 0.41726647289583 0.1311158845603 0.41915049468634 0.11946117105916 0.41562584331604 0.11536036018314 0.41093972215239 0.12385243595015 0.41056660466967 0.11450416759896 0.41450484993234 0.0994945154031 0.40749743648357 0.09877553427171 0.40448178131947 0.09962939425135 0.40194223824334 0.10335073342442 0.3954071734407 0.10224712576028 0.39035825517927 0.11004740356371 0.3903684855583 0.11146614078449 0.40226347090753 0.1141372783169 0.40326920810546 0.11994222415589 0.40689919190859 0.12212356914117 0.40872985083743 0.13690652123555 0.41251166673933 0.136300801142 0.41314889020926 0.13246692573722 0.41804787078514 0.13170384816819 
0 0.42362220027458 0.1311158845603 0.42162440034143 0.14840226781396 0.4239701567459 0.15631167166026 0.42788324099718 0.16218895573629 0.4313514754413 0.15711718178272 0.43052272486082 0.15220674503909 0.43180781179713 0.1500898409187 0.43368722995304 0.14406780020606 0.4363428106128 0.13886161777513 0.43335302608422 0.13827365418209 0.42748339970731 0.14278451086789 0.42775657640252 0.129441029902 
0 0.35006625441448 0.20167151750754 0.35436394280573 0.19696780864439 0.35826326943072 0.18987039928936 0.36169907586326 0.18063748939512 0.34928641932094 0.18403496112516 0.34302601097395 0.18653205960079 0.34610167112839 0.19117485531688 0.34661786256104 0.20450916405072 0.35045695335914 0.19990762668386 
0 0.3914600983821 0.18576841248615 0.39578568256872 0.18416127280093 0.39890362249685 0.17827011278411 0.40721432966939 0.18129377435768 0.40788203414894 0.17428936407378 0.41291001688053 0.17397868411122 0.41291001688053 0.16883459063571 0.40710830033469 0.16698166464181 0.40047555444214 0.16992148268128 0.38732877556238 0.17703797627853 0.38713264469217 0.18453157227183 0.37897797631924 0.18529521938647 0.37928927958491 0.19467453221537 0.37982609992131 0.19803921267291 0.38946659613723 0.19588209184276 0.38325354539664 0.19528777824291 0.38515437385418 0.19026480526757 
0 0.4442247000773 0.18756039091809 0.43476094876563 0.18738590033061 0.43199706636114 0.1844460823654 0.43631608680566 0.17977447643326 0.44157676982281 0.17650339977974 0.44814082448642 0.17310932114255 0.45320921300868 0.17639143422255 0.45861108710005 0.17939900288274 0.44383400113264 0.18932428174178 
0 0.45633636736173 0.22225024378382 0.46489892543287 0.23158418195393 0.46225560490355 0.2392121864246 0.46775359845368 0.23809317411432 0.47361408247552 0.23861105244707 0.48440792194694 0.23627236845939 0.48022775590384 0.22686495097075 0.47895032666666 0.21695857131278 0.482454427273 0.21569364270298 0.47860620720729 0.20755115358648 0.47776299260383 0.19706084125409 0.47580489577409 0.19864505035917 0.47280369474498 0.19470263687512 0.47474726566598 0.19345556609428 0.46695313447609 0.19413019552094 0.46134981621959 0.19292557571151 0.45125728108116 0.19458786638176 0.4477509069495 0.2012311494268 0.44851323871106 0.20753623581313 0.4544683500149 0.20032508084547 0.45797698272888 0.20625812055458 0.46369173604804 0.20409863128093 0.46305458422519 0.2182613973065 0.45632721740684 0.21519703234353 0.45634401746104 0.20884657147658 0.45175478963322 0.20947639807745 0.44493818717816 0.20587629699726 0.43912654052318 0.212413981781 0.44423383513853 0.21282908407768 0.44806377865648 0.21647281205647 0.46024335680832 0.22577802543119 
0 0.49807324230949 0.23763950140593 0.49012650411566 0.23766360791325 0.49397621699971 0.22712965218033 0.49798322527491 0.22070967770792 0.49700796259389 0.21439318482789 0.50067842280666 0.21474913798712 0.50452586963689 0.2112075980808 0.51245737057226 0.21174440884124 0.51502590350935 0.20784174169608 0.51875208656678 0.20741793753821 0.51812555257839 0.20098138249248 0.51173012357504 0.19507528820039 0.50869158874181 0.19638903405268 0.50702955543123 0.19358762271728 0.50132698303841 0.1927630625744 0.50236327289304 0.1852694665811 0.51878942820838 0.18864731742311 0.51535174642096 0.17874093679969 0.5071272301674 0.17402348693701 0.50282954177615 0.17509605012344 0.49892098953378 0.17345161618308 0.49421282427462 0.17347738635179 0.49042328748745 0.17049793964042 0.48571434104509 0.17287507644708 0.48142048161197 0.17340741868422 0.48279707023881 0.18592739784171 0.49530702429569 0.19402400929603 0.49743679374471 0.21213893241217 0.50220300818999 0.21063561067349 0.50510966081718 0.21279803959997 0.51254355875727 0.21872011028203 0.51923811605394 0.22681391573087 0.51022530755781 0.22893774186001 0.52152432075191 0.2421520043898 0.51846889880228 0.24281522732275 0.51642616849163 0.24634006906303 0.50946531998985 0.24932821763558 0.50478912257915 0.25271300644799 0.49659288404557 0.24945510017896 
0 0.47132786858871 0.27824920603549 0.48301070441635 0.27615452693893 0.47693658621697 0.28506417444971 0.47313485918629 0.28811370642137 0.46842817923449 0.28689579863474 0.46922028225488 0.29281964942735 0.47313642198207 0.29442512850721 0.47499380476497 0.29634519672394 0.47783245887444 0.29629404389134 0.47196432514809 0.30293215285677 0.46766819955262 0.30456279703451 0.46415948081277 0.30219955021984 0.44772191708854 0.29873150576265 0.44844299104258 0.28410591138577 0.44299383485929 0.27878378253428 0.4384511783445 0.28051956865366 0.43377506610345 0.28157602163763 0.43062962008938 0.27306548381381 0.43291348978259 0.26866728095243 0.43478001487365 0.26332269189169 0.43204661397228 0.25232542084746 0.4246591933873 0.2515508222196 0.43595976937714 0.22645666905174 0.43635273436575 0.22233692574802 0.4388136688162 0.23098069612203 0.44579819367342 0.23163698108458 0.45314435698386 0.22764235643346 0.4516495428216 0.23634468798134 0.44663678986705 0.2429311737433 0.44623694857719 0.2462545791566 0.45164492509275 0.24929656974693 0.44615068225239 0.25051731520614 0.44585695479321 0.25332331265757 0.43893040965791 0.26694925133356 0.44770973466366 0.26682060489941 0.4500653292994 0.2579569361416 0.45672706630639 0.25752806025745 0.45474605881775 0.27388828006591 0.45444162620776 0.27801778356527 0.45823109331607 0.27819581894124 0.45631877830985 0.2875584336041 0.46174051516425 0.29154906010279 0.46063709549629 0.27868959076668 
