0 0.82251521128282 0.69765707734939 0.81973310663545 0.69640071816207 0.81700645526075 0.68925908523768 0.81421049620789 0.68320377262146 0.81973389382549 0.68233217260982 0.8239311911058 0.68830940390003 
0 0.81369238511887 0.78511891376508 0.81762060345063 0.78415771194399 0.82100150594299 0.78480070821971 0.820310431809 0.78990869509329 0.81815872656031 0.79561487546625 
0 0.83074764490368 0.81970762136195 0.83468359519095 0.82197334832648 0.83962886252097 0.82269681321074 0.83720431720526 0.81374306655282 0.83224439021655 0.80766470563621 0.82609446804805 0.80691258343806 0.82606368891758 0.81642441276331 
0 0.86988340954886 0.80088361140876 0.86959435336707 0.790223372861 0.86401412062875 0.78482493229301 0.86261040335376 0.79148079041336 0.86621423806475 0.79854328370587 
0 0.84459729116209 0.75308057775328 0.84784901576928 0.75292794257297 0.8565158206449 0.76463887090193 0.85959766964198 0.77177944567343 0.85882435268291 0.78247072866464 0.85694169045522 0.79163354318625 0.8533916208238 0.78347214715111 0.84886071240556 0.77450794651204 0.85044658545524 0.76580915234596 0.84585183592496 0.76183805062118 0.84599478963578 0.75825288777295 
0 0.83358969799075 0.73502141351635 0.82776340739587 0.72902701370817 0.82495902513786 0.72179565745809 0.82570394307041 0.71722753815983 0.82502821914216 0.7076042341872 0.82996045484622 0.70320603305296 0.83277479886386 0.70331281035886 0.83493264419485 0.70725286754065 0.83971348545001 0.71065199577766 0.84098881202987 0.7208333973037 0.84387543789764 0.72759379523552 0.84439201016954 0.7329165061763 0.84593181443278 0.73700919863793 0.84594023736618 0.73763973009923 0.83966886982481 0.73691394864098 
0 0.7992600426055 0.75455283696542 0.80315063361806 0.75762129797834 0.79899790831636 0.75337691107712 
0 0.80640857702654 0.77415316967154 0.81026840593775 0.7824006434817 0.81400677142616 0.77737426586476 0.81948403970756 0.77768776770658 0.82182026230106 0.76711713471151 0.82070481401783 0.75856979979984 0.814946204017 0.75494442028622 0.81053518464148 0.74940122324138 0.81161292652192 0.76381207740987 0.80393475361448 0.76375128204144 
0 0.79879881093337 0.74562426688076 0.79214305729605 0.74159695589853 0.79221609168221 0.73423707094886 0.79715981953221 0.73495368018519 0.80263708795198 0.73502141351635 0.80084054573381 0.74005131891095 
0 0.75278276723326 0.72477921662188 0.75019596619581 0.72231365281189 0.74547668320158 0.71692320853994 0.74920656280225 0.71030286644008 0.74939877884476 0.7105462830928 0.74989077261824 0.70446803992234 0.74861158880719 0.70086218086956 0.75380060397755 0.69817495509751 0.7591010534958 0.70241933863369 0.76187078164299 0.69943248687742 0.76487965812358 0.6972746628724 0.76930760208491 0.69686473850587 0.7693283839019 0.69224029247438 0.77174066538694 0.68950367781627 0.7730267601364 0.68163849771109 0.77584804923105 0.68998369075174 0.78173811996815 0.69222876488572 0.7867910928193 0.68751236496733 0.78880976295164 0.67731379518095 0.79427476797164 0.67465537959244 0.79588990758754 0.68197845787681 0.79944989581344 0.67573711378975 0.8023573034982 0.6778547210759 0.80188295987694 0.68635713540385 0.79771951166306 0.69177744805644 0.802625577863 0.69189692212367 0.80261786340063 0.69676937091874 0.79768566249059 0.69889273689469 0.79454916551555 0.70406493253801 0.78849842929178 0.70440030659288 0.79344757177698 0.70954380629836 0.79041641781832 0.71307958016996 0.78667962670998 0.71034766921529 0.77879310111168 0.70555670890367 0.77031929872119 0.70625368333861 0.77410835924802 0.71646495022127 0.77821426376497 0.72393172683419 0.76964664483409 0.72626053046337 0.76877640624756 0.72325533426324 0.7630108689744 0.73215050805267 0.75784107712167 0.73623755607003 0.75204326505697 0.74013622076009 0.74940263607595 0.73358019874766 0.7512330103513 0.72910509518716 
0 0.68091324557631 0.78090204352965 0.68274747708285 0.77455733539935 0.67929580620612 0.7748800094631 0.67207349504943 0.77888674174229 0.67364630074449 0.78542888782924 
0 0.69745039090473 0.78819537107405 0.70230269455811 0.78428518231028 0.70819048244411 0.78456070174591 0.71382227612988 0.78740409054381 0.71790346287966 0.78158996017431 0.72060021851036 0.78012005281394 0.72495589842623 0.77328039747725 0.72709990441875 0.77059658182239 0.72976901447294 0.76864442725523 0.73287394349018 0.75287737775978 0.73963039575332 0.75498687121079 0.74691724097033 0.75808861092635 0.73922293066712 0.74152005034543 0.7323350178384 0.73769829120847 0.73025023902869 0.73377775429689 0.72740358712905 0.72913378777883 0.72732439581127 0.73218496268119 0.72449082655204 0.73499507277646 0.72184712752987 0.73613078199937 0.7229164464769 0.74042220593612 0.72158420605732 0.74590684187172 0.72131435731244 0.74547504188554 0.7168672208619 0.74867320752394 0.71246539666213 0.74543247336838 0.70475801900429 0.74469410950312 0.70086207261374 0.74562426688076 0.70086049823362 0.7535950453294 0.69277871845058 0.76485136070994 0.69106980759803 0.7703164762758 0.6953509550215 0.77257072620366 0.69113593156118 0.78664162019784 
0 0.69981196107709 0.83608330657867 0.69714982729119 0.82478569268093 0.69636185006359 0.80713765565308 0.69904396395959 0.81167367217459 0.70296150849697 0.80942977039455 0.70663296292494 0.81374189062693 0.70695585358918 0.81728801273567 0.70906607392289 0.81864420806265 0.71076728510669 0.82362010318119 0.71320567017346 0.83020482601678 0.70655840133922 0.83441358589136 0.70260245652442 0.83277372196235 
0 0.75549871444588 0.85439858747406 0.76353435034938 0.85836616142117 0.75858213782304 0.84665629142552 0.75629975902811 0.83951347063557 0.75203476340456 0.83374408424612 0.74539670469376 0.82404155501956 0.74517841689635 0.81807235530317 0.74493163281957 0.81083535460883 0.74026611490491 0.80243395209989 0.73752559150812 0.80895199170613 0.73621334571549 0.81382914432784 0.74233248875353 0.81803449048956 0.7392098633125 0.8281871523869 0.74599325298772 0.84031847422092 0.74679199903535 0.84963855707083 0.75167958325961 0.84964890521864 
0 0.75491526509891 0.87959374037152 0.74815186982525 0.88157235327117 0.74651294016704 0.87647706639718 0.74710791410908 0.87292976836255 0.74603936664044 0.8705974369557 0.74541055923843 0.86422050845606 0.74755455002475 0.86036664654234 0.75364755835353 0.86542171675095 0.75906106424189 0.8670708352167 0.76228208843762 0.87528162013914 0.76122048395295 0.88281601249063 0.75828080147665 0.87847637559246 0.75281582921568 0.87763347191573 
0 0.76777244030732 0.90860030425812 0.76692070066515 0.90281710073948 0.76432382323806 0.89768959349616 0.7636143288572 0.894156171387 0.76850120461042 0.89418368805279 0.77166303211532 0.89808470459462 0.77953414530097 0.9063277098864 0.78115467128404 0.90820754501143 0.78386369050759 0.91011148661717 0.78480847599068 0.91865423541788 0.77780216978031 0.91912390021767 0.77426754547137 0.91183292452505 0.76928918183803 0.9132167541104 0.76803457459645 0.90585569323484 
