0 0.7110832437607 0.62874828728746 0.71386454360144 0.62697181604801 0.71425884709126 0.61544444975022 0.71394294772918 0.60409511863192 0.71245311186408 0.60408594640999 0.71123926482615 0.61509073124302 
0 0.64842858453853 0.62787786694495 0.65254212479884 0.61469232755207 0.64823406988024 0.61711308858572 0.64896899049932 0.62247589859929 
0 0.66665927605658 0.62280551062578 0.66965658084363 0.60918699532083 0.66833583339859 0.60322587421529 
0 0.66937447031555 0.57816512964686 0.66832593315902 0.58874952097483 0.67226030906618 0.59063982184027 0.67279376930035 0.57971194256033 0.66885020173729 0.58130014806506 
0 0.72784480251164 0.64198893056747 0.7302640935737 0.63060401593178 0.72583683816382 0.63491848801594 0.7257861431254 0.63989546498631 
0 0.7271690785834 0.60276197145236 0.73034942497593 0.58863016449717 0.73813520695819 0.58759205712298 0.74323730059657 0.57836033334432 0.74369166669773 0.5674944253587 0.73706510079408 0.55228441195653 0.73182540633365 0.54717877693472 0.72631428874141 0.54201681506287 0.72342844999079 0.53823186240621 0.72242366087992 0.53850514758265 0.72052330541023 0.53238210148229 0.72499737870775 0.53664706708655 0.73122887370811 0.53906559386101 0.7364639237472 0.54445368628119 0.7444927113002 0.54785516950567 0.74184822502119 0.54003479197815 0.73941974369394 0.53822492444347 0.73765549333717 0.53456967641229 0.73313765215943 0.53112809411501 0.72941920248503 0.52609819182798 0.72164261092465 0.51691938160673 0.71845543590054 0.51191135189961 0.71323416181936 0.50989252238558 0.72571694912109 0.51348109532824 0.73130649064778 0.52102360137782 0.73753174706014 0.52769674237296 0.73943438542901 0.53072498971119 0.74238477376435 0.5330883625708 0.7453982947423 0.5413300743441 0.74705029179687 0.5675690966526 0.74600096745028 0.58040903142691 0.73974957632801 0.58917791077594 0.73787456833016 0.59611751981313 0.73510633577412 0.60213143999105 0.73235660218442 0.60876213329739 0.72999581920212 0.61506662476231 0.72867664610383 0.60834644349588 
0 0.71712319548096 0.59315700879675 0.72265966045318 0.59552379483213 0.72184177000415 0.58844178116986 0.71857463609652 0.58511496923929 0.71430426795643 0.58317539707913 0.71089717146617 0.58035505642864 
0 0.68800489740533 0.57855671296767 0.69535174221155 0.58278040357325 0.70221192691332 0.58053873605239 0.69711062059386 0.57627141859635 0.69141657911434 0.57502893530278 0.68775116720419 0.57767359262556 0.69220298198174 0.58051698142346 
0 0.67282454843082 0.57340286498444 0.68014683272227 0.56744515406398 0.68429107339405 0.57300093351582 0.67854631793789 0.57542051862358 
0 0.65723299023271 0.58364506187891 0.65650263531586 0.58952821909806 0.65414106520315 0.58873117653097 0.65124987363317 0.59222685141911 0.65376291709612 0.58225899803438 0.65494212780218 0.57069952895984 0.65597994113091 0.56681697445445 0.66211443437468 0.56623018743619 0.66017952126234 0.57199151873331 
