0 0.85992837719449 0.44156066952818 0.87231476586849 0.43803288788082 0.88171062475712 0.44038239045796 0.89385126325087 0.44038474231239 0.90212386321766 0.44332456035186 
0 0.8560213877479 0.42862547015452 0.87321214131289 0.42979904551587 0.88805870120994 0.42627361572294 
0 0.92478440200788 0.29456976755475 0.90555160239079 0.33434293188777 0.9025031348822 0.35118478335884 0.89937902805984 0.36274662991853 0.89555978969271 0.38688122992128 0.89383219714286 0.4064895925354 0.89078669894617 0.42177088391124 0.88796866566933 0.43898716347178 0.88173193857329 0.4660231405924 0.87907262548278 0.48389404929652 
0 0.83961203207222 0.41569027078085 0.86309059843748 0.40920433803719 0.88043850899331 0.40053410930149 0.90329596005164 0.4021671077993 
0 0.86070977508381 0.42156990685979 0.88344812271424 0.42215787046769 0.89275543087858 0.42036529814572 0.9009304153901 0.42065692808787 0.90457337039786 0.41745993484707 0.9116746360968 0.41805930493381 0.92050654179729 0.41937881282931 0.93064488617777 0.42744954293873 
0 0.94978913446606 0.29045402229949 0.94823704383851 0.32040807713999 0.93970800773681 0.34608668150973 0.93221985214184 0.37087416825785 0.92205253748225 0.3920661400418 0.9162538812502 0.39902398360913 0.9132282113411 0.40904817490687 0.90954485806348 0.41096129084591 0.89696919703006 0.42950506371192 0.88727730332062 0.44363466289661 0.88063542126142 0.45390790529395 
0 0.93455187562436 0.27810678653373 0.92555507529285 0.31876295500667 0.92135357708791 0.33935543911116 0.91932373984211 0.36609237794837 0.91735196045801 0.39288433835787 0.91737024516816 0.4202286554067 0.91736112205936 0.46390328662814 
0 0.79350955660246 0.44391252395975 0.81668822363002 0.44683518391896 0.82912957938702 0.44800076294581 0.84635844771641 0.45273197807816 0.86102489502946 0.45158592975073 0.87673755595009 0.45800990237557 0.88853025631819 0.46037315312634 0.90009556990625 0.4617145433826 0.90710527476206 0.46452112879762 0.92374582666562 0.47259410411551 0.93255178995684 0.47651241109225 0.94158445662822 0.48271812208074 
0 0.70364879933088 0.65793127723306 0.69824690387125 0.6709365666646 0.69575924561366 0.68694705048853 0.6868601396964 0.7178760521514 0.68303943000012 0.74494989120133 0.67551847531543 0.78316752571442 
0 0.68645804576589 0.65146367754623 0.6805319241733 0.669233471321 0.67364967103373 0.69166910369696 0.66254905475872 0.73661962280469 0.64888381253596 0.78093737974968 0.63634018881519 0.81491179849733 0.6348857850709 0.81668145136437 
0 0.71888605817258 0.63735255095678 0.71304689208021 0.67570224677163 0.70764274441421 0.7283606189425 0.70631421175635 0.75305508712887 0.70286583864579 0.7766678232146 0.70138398189825 0.810007123673 0.70130460566293 0.81550552414858 
0 0.71576046661531 0.54504226451747 0.70756343253045 0.57211611446966 0.69416363116398 0.6280749614737 0.68488531286061 0.67265906480677 0.67941552777356 0.69789446222007 0.67129781972588 0.72737530955328 0.66745193569139 0.74412650696484 0.66018354173757 0.77479821653422 0.65277243903392 0.79607403246402 0.64779024621748 0.81788266101529 0.6474941745647 0.8166838032188 0.64341324605104 0.83128058774837 0.63918347346215 0.84372777732748 
0 0.76420713575303 0.20461133554701 0.75872741153576 0.2240141346075 0.75319277042553 0.24775140138539 0.75255258623385 0.24601857057035 0.74982760236041 0.27929825067819 0.74889430074498 0.31636523947425 0.74428148957542 0.3570684303151 0.7426782025527 0.37730954737639 0.74136342249735 0.40330282986112 0.73883302177629 0.41554092802445 0.73834316345186 0.43219465526682 0.73451557875472 0.45201196817025 0.72698468587988 0.53333697569068 0.72254658040004 0.55983320223289 0.71665937257106 0.58871808966819 0.71459976406643 0.60566108375068 0.71419767083668 0.6169369319453 0.71144291667333 0.63298069450859 0.70553665663147 0.67499716083086 0.697788315161 0.73170918919758 0.69466272360373 0.77150820736989 0.6919942498117 0.78949048635371 0.69075573415714 0.80668607003017 
