0 0.49205100892865 0.35341729399504 0.48860793549592 0.35242563459901 0.4854296778012 0.35093444133434 0.48517556721401 0.35361649606036 0.48368145634759 0.35541601743322 0.48783567998142 0.3576024188503 
0 0.50828861293806 0.36246464257931 0.51142873841674 0.35865087552941 0.50749354060576 0.35859125602107 0.50356670375198 0.35902411481827 0.49952382931457 0.35659417888095 0.49934223244968 0.36102683640888 0.50342323910313 0.3622389821523 
0 0.48093968750282 0.35196055539692 0.48368989544459 0.34924345804076 0.47687782509718 0.34488488392555 0.47701824229434 0.34772192585469 0.47460684846882 0.35071054479811 0.47818729164702 0.35327829940164 0.47957607008062 0.35371351005321 
0 0.45048501809515 0.33248767156629 0.45517340531262 0.33571864910277 0.45677972491311 0.34242331554693 0.46079509414552 0.34420155263772 0.46123002019972 0.34015189459429 0.4614063035591 0.33734529595623 0.46240055420835 0.33486139818411 0.45731389612126 0.3298613557889 0.45163883018937 0.32685780257021 0.44562644242169 0.32548902332561 0.44588289720248 0.33122166835776 
0 0.48314807416182 0.30860798665682 0.48796773622138 0.31074054455778 0.4943280023206 0.31699283181346 0.49954672427215 0.32008187493857 0.50230224571943 0.32132788738495 0.50537438958346 0.31985220269418 0.51096099365201 0.32552512429022 0.51650930922495 0.32816519841569 0.52109775565491 0.33278857799506 0.52272540741724 0.33774089108467 0.51866659246329 0.33585705573257 0.51164393539003 0.33124576148794 0.50697539567844 0.32831218931396 0.50146209546984 0.32661378418496 0.49133752301795 0.3214249013778 0.4858730429524 0.31604479931604 0.48060774968782 0.31420106308098 0.47900604033476 0.31195092641042 0.47040231076734 0.31305900259786 0.46456010350051 0.30668159668959 0.47020617989712 0.30397718528105 0.47824300531512 0.30251940241445 0.48173179876456 0.30267438961758 
0 0.48954577765774 0.2876462753649 0.49384346604899 0.29016004049555 0.49810223217045 0.28685393562692 0.50473497170679 0.28995673710011 0.51123870245486 0.29251884725315 0.5170320643997 0.2925280194852 0.52236908998871 0.29568714787061 0.52670030023999 0.29820210334348 0.52722000796305 0.29813319401037 0.52984120711655 0.30007559053634 0.53195113764399 0.30254233299458 0.53370006235568 0.30256820339268 0.53739185473029 0.30427811911396 0.54169032441084 0.30510832370733 0.54718909935884 0.30986377324784 0.5495715033234 0.3109466845935 0.55093965285325 0.3159213269615 0.55050472679904 0.32125662619747 0.54516160630665 0.31875096054937 0.54033202049415 0.31868322714345 0.53975519258683 0.31603043924287 0.53778794531037 0.31309757300956 0.53237231109569 0.31207663302661 0.52944058442882 0.30626249624047 0.52529011150477 0.30192732307626 0.52120230668985 0.30281620643622 0.5160980595262 0.3010385431688 0.5116111166795 0.30163969128655 0.50424581664043 0.29420230461274 0.50007940319984 0.28921837241997 0.49734982416183 0.28927469933219 0.49505298326399 0.29138019695886 0.48930236378262 0.29339384033896 0.48464679527567 0.29221051914496 0.48076113808962 0.28904327686197 0.47763249915961 0.2857021004205 
0 0.60397703325087 0.30638761489307 0.60852734746479 0.30900417047482 0.60676615480654 0.30396108914459 0.60558336422147 0.29809754920211 0.5940042866608 0.2990231357048 0.59019653484235 0.29610624831972 0.58669704448344 0.29665351058112 0.59161055242714 0.30259513212524 0.59744204658801 0.30704848597165 
0 0.54948750305242 0.26600933273373 0.5456538088247 0.26245344651574 0.54230919152354 0.25804136771356 0.53532927691375 0.25542775194978 0.53237082643974 0.25253036959035 0.52865074746225 0.25521067579123 0.53215023782115 0.26215193878523 0.53675321825148 0.26277212278317 0.5404976768425 0.26465431183721 
0 0.51317469381653 0.2487229679129 0.5162681698424 0.24840770183431 0.5183651291652 0.24967100041032 0.5223301763748 0.25019922690231 0.52293529088501 0.25334577286682 0.5185658702779 0.25457332325637 0.51357376275427 0.25259012205705 0.50553161567741 0.24993509822511 0.50165282595002 0.24871720586969 0.50447929832386 0.24452796526928 0.50918448559553 0.24501256486266 
0 0.53720572575775 0.23688385059616 0.53174204507881 0.23400834001448 0.52856760672893 0.23818207420959 0.53349408587726 0.2396021238795 0.53783983012891 0.2424041231785 0.54232677297561 0.24451995339641 0.54403756547126 0.24437756418218 
0 0.60110023885423 0.28663225884818 0.60368783789934 0.28626138591785 0.60552076288201 0.28781796073407 0.60656924254341 0.28744189921996 0.60792223295458 0.28773527857659 0.60948573195182 0.28987183515728 0.61187805966932 0.29037419125117 0.61940893791696 0.28994650653359 0.61631764980512 0.28465483419623 0.61060977278721 0.28251651359293 0.60558336422147 0.28105461552332 0.60089497688556 0.27959164451112 0.595815890605 0.27781975742713 0.59124501450375 0.27253608139464 0.58718158930237 0.26728803595587 0.5831234776065 0.26486268613458 0.57939199022012 0.26283585803665 0.57511414944332 0.2636936969189 0.5733507012871 0.26105466597759 0.57062111169325 0.25805924180679 0.56787629539678 0.25075097193802 0.55684367087526 0.2471652171695 0.55204767503231 0.24379242281438 0.54896177856577 0.24571765080343 0.55107929864576 0.24716639309669 0.55342583650738 0.25017616330434 0.55533353121367 0.24895319899992 0.55669331978631 0.2498787867441 0.55948010735382 0.25135561830178 0.56318337607167 0.25555063634073 0.56621512166584 0.25922364490645 0.56849672530523 0.26340030308597 0.571040800489 0.26638480628425 0.57388790176659 0.26677415577556 0.57660068075041 0.2684111640113 0.57912803401977 0.26817056930903 0.58178127048593 0.27120857719427 0.5875432983762 0.27506701468092 0.59196991730736 0.27810913838816 
0 0.7163465150323 0.18520853648652 0.7202581004594 0.17879951520328 0.72535547132181 0.18197238478867 0.71556511714298 0.18579650009441 
0 0.68937913200856 0.18468373724971 0.69260693032821 0.18081376088032 0.69577143542043 0.17813805616111 0.69990737434411 0.17849118709509 0.69875512504563 0.18431167388803 0.69793481356214 0.18860086829926 0.69567376068673 0.19055478891166 0.69181639010356 0.19288477103816 
0 0.61984309430364 0.25811602386534 0.61429703305418 0.25325440332447 0.61101422432451 0.25076412691224 0.61085779997437 0.24606276990352 0.61617496655414 0.24800118380609 0.62179737042482 0.2453875680423 0.62418577937326 0.25130330493732 0.62883376832088 0.252215706841 0.63140003520415 0.25718294086772 0.63606779351786 0.26017389649297 0.64120485939204 0.26358680513768 0.64369025159581 0.26517158716006 0.64636786767549 0.26479777495391 0.65051452425515 0.27017623071761 0.6529067613277 0.27185908523625 0.65382091869532 0.27544603080931 0.65911903067042 0.27753377193548 0.66101985912795 0.27780823334071 0.66365559228183 0.28126710556585 0.66905739575422 0.28023017297316 0.6704912608449 0.28073946703746 0.67356498059214 0.27956177596059 0.67403349366727 0.28569917513019 0.67672947259689 0.29126824869075 0.6791774358427 0.2922322737979 0.68093104894161 0.28926199931858 0.68288454361556 0.28540001925405 0.68489446858936 0.28688027639589 0.68587121595101 0.29022778831651 0.6874454848405 0.29308376267334 0.68375744317566 0.29874867429957 0.67843878043659 0.29816247459731 0.6748888899151 0.29316643035452 0.6695656169286 0.29468631624253 0.66688034314979 0.29456976755475 0.66531676601276 0.29045519822671 0.66180047559966 0.2896432349123 0.65835591751099 0.2874705918433 0.65713271728595 0.28344845049603 0.65264272698757 0.28475866856676 0.64796426352304 0.27912080326581 0.64195265715323 0.27593980263475 0.63899803552878 0.27044834026847 0.6352886617021 0.2707411461378 0.63219440427836 0.26987529602321 0.6272633148826 0.26603743739348 0.62625609302871 0.26281973272849 0.62352191556654 0.26087723371552 
0 0.32564757037329 0.35454205555991 0.32564757037329 0.34751460989178 0.32857319783844 0.34808305309353 0.33127378701549 0.34953743983728 0.33270421395554 0.35329958368371 0.33655697429128 0.35370551374834 0.33419941877898 0.35800552668969 0.33056451216927 0.35860560233274 0.32971669548078 0.35576797244001 0.32408477459465 0.35424807375596 
0 0.30943356416994 0.33778509273494 0.30438846493627 0.34282701134991 0.30275698432438 0.34988257446639 0.29923116085727 0.35536427663703 0.29771259583017 0.35424807375596 0.29795068416839 0.35169703011452 0.29845429509533 0.35006801818364 0.29791364590937 0.34881741962124 0.29825972702581 0.34565086988134 0.30030558292794 0.34433878334033 0.30230330842991 0.34057791987243 0.3102202716563 0.3269462322946 0.31807316396598 0.31331911769142 0.3228451607555 0.30737233631869 0.32540947414409 0.30397483342662 0.32660180915328 0.30130267055502 0.32836378320939 0.29895305044451 0.33054654001827 0.29161561758152 0.33233750393535 0.2898511388388 0.3338236445435 0.28694118942413 0.34181804800737 0.28816873981368 0.34361510682782 0.2889910656949 0.34577996962549 0.28720530267012 0.34795139616526 0.28952093848495 0.351432137925 0.29074918003066 0.35433112409437 0.29432517469387 0.3547836265777 0.29540232402353 0.3593011220811 0.29484882937965 0.36316419686872 0.29780356739817 0.36315545045844 0.30309406394199 0.36784687988174 0.30368437940432 0.36921128410066 0.3057330938213 0.3707732984814 0.30721098512446 0.3727168639641 0.30869584236663 0.37528656899799 0.30889445646836 0.37668183303391 0.3145019828479 0.37748229701151 0.31842475834795 0.37685811639329 0.32188198427503 0.37859219454546 0.3295094007821 0.38015467772547 0.33220638978338 0.37627206799111 0.33224307871159 0.37568719168573 0.33480107311947 0.38018405828536 0.3424376618586 0.38015007315322 0.34455362523723 0.37705385655962 0.34341497494295 0.37565703528964 0.35042513437744 0.37115938173046 0.35366706092936 0.36648091826593 0.35505018648563 0.36434199787753 0.35852799113846 0.36163539193689 0.36019322162667 0.35513080165116 0.36336150967831 0.35279621923622 0.36411364527235 0.35026730317112 0.36690423807764 0.33912668396402 0.3689471639533 0.33344701077036 0.37161488479236 0.33130660572601 0.37039815293292 0.32892498315932 0.37239452451673 0.32455752031769 0.37248189590666 0.32213206126925 0.37277010333183 0.32003088234487 0.37578860315392 0.31568474728448 0.3745397684823 0.31275528659743 0.37919926236442 0.30785623054167 0.38242671211934 0.3079196019089 0.37931003470535 0.30883266919305 0.37433526245604 0.30380124818373 0.37419522181678 0.30337163188859 0.37309220211623 0.3009954009672 0.37601884969695 0.29732798820612 0.37569441138631 0.29420091207186 0.37542171387186 0.29109970020708 0.37389371408626 0.28993260434907 0.37124787791758 0.29003598328722 0.36186974101587 0.29478157234734 0.35798835815277 0.29913309542464 0.35622611367171 0.29950394685354 0.36272240581849 0.30182446410682 0.36275286233261 0.3039599463446 0.36513975933492 0.30669867155733 0.36283153186136 0.30967243360993 0.36306870380158 0.31413148055268 0.36364115772898 0.31469846284685 0.36483719326994 0.31606551841968 0.36483141869805 0.3188435441256 0.36363363179499 0.32429004355613 0.3642492296769 0.32955916567027 0.36100272990157 0.33281634454982 0.36266278631016 0.33521969451743 0.35923883912245 0.33740057602652 0.36072885645993 0.33951816430657 0.35923143078118 0.34093366189858 0.36035514680019 0.34224273774948 0.36112855411048 0.34456325500277 0.35919462426025 0.34831880944354 0.35682277912593 0.35276300982676 0.35598504859856 0.3584521332958 0.35006801818364 0.3590183341921 0.34547284751859 0.35529645799951 0.34262145927778 0.35128640227262 0.3421362717208 0.34928789908139 0.33777993186725 0.35338719544408 0.331905456656 0.35573521290328 0.33009736437514 0.35681151032883 0.32548149739162 0.3588569806693 0.32247618028215 0.36336790729332 0.31807574315912 0.35870514992597 0.31691238465471 0.35595994293057 0.3131268535965 0.35589352411165 0.31385722197177 0.35237301415005 0.30921489662656 0.35181064210332 0.30992339275618 0.34034683209852 0.30350459421095 0.33603007770783 0.30422579035418 0.33616705675436 0.30108159624403 0.33388162426542 0.3011470953883 0.33167019015473 0.30428834968048 0.32820961340973 0.30666666241432 0.32379745033915 0.31095809108721 0.32056926549061 0.31692956693085 0.32038766445567 0.31930152965789 0.31963595970514 0.32073532403324 0.32091565499615 0.32344432113445 0.32545300229885 0.32396794794944 0.33096552555594 0.32397489948081 0.33502895075732 0.32043324198178 0.33620714246507 0.32073179625159 0.33736853871306 0.31983034411347 0.33970968027567 0.32013126388039 0.3436197218276 0.32426192975338 0.34536793852886 0.32395479112593 0.34659418620559 0.32625325840385 0.34912349296963 0.32950363873889 0.35393924803984 0.33126635359083 0.35045085353068 0.3341768909691 0.34797155623029 0.34026725305125 0.34416302301397 0.34108322892567 0.3416670085022 0.34418838225323 0.34074823618413 0.35051357699445 0.33673896185511 0.34960987695194 0.33694767322607 0.33812565445996 0.3360739922681 0.33827828980871 0.33072665665385 0.33366934747968 0.32721036615192 0.33572722010731 0.32350864568656 0.3350938789888 0.3217405809267 0.3363151837152 0.31982982451658 0.33578579454509 0.31624672458563 0.33541831729944 0.31197771360476 0.3369031473231 0.30826146733596 0.33896101995072 
0 0.39855644127446 0.25377181128634 0.39872201948302 0.25104612966172 0.39772237718847 0.24931093150594 0.4006663718019 0.24670754630868 0.40166906154814 0.24199066717987 0.40794235806447 0.24186096241124 0.41022474310172 0.24548175980991 0.41311607149874 0.24672306854753 0.41571359429679 0.24839970552945 0.41858585658579 0.24687358722735 0.42374120717012 0.24954811601937 0.42619987556674 0.25319066807098 0.42957348965259 0.25604499612975 0.43328512962685 0.25811602386534 0.43737831906957 0.25782086613418 0.44598284532826 0.25752806025745 0.44754485970901 0.26164099842288 0.44939231131433 0.26401119725914 0.45076053898397 0.26460596616927 0.45170063876086 0.26722430070239 0.44872765428647 0.271051223239 0.44323802169354 0.27282829930038 0.44093352309658 0.27025196042839 0.43684564014188 0.26839740566322 0.43250373173753 0.26869819288021 0.42898360547712 0.26635446736284 0.42766351191625 0.26421733729486 0.4256962646398 0.26365747836157 0.42356117310096 0.26215946471922 0.42181217024949 0.2592208226812 0.41609897972607 0.26276236258752 0.41332056332121 0.26228975745144 0.4116112554815 0.25897611223378 0.40649325571534 0.2569837388024 0.40596902221207 0.25688953177927 0.40547071846321 0.25606510448464 0.40571646809319 0.25577853102939 
0 0.40144316563714 0.44214863313607 0.40302197381953 0.43540317259404 0.4051548056114 0.43687072972227 0.40750360316071 0.43831312200872 0.40789961560101 0.44363231104224 0.40539437589135 0.44308221230459 0.40492889718044 0.4471027073538 0.40144316563714 0.43715094246897 
0 0.45591206830783 0.42475209451339 0.45089712733157 0.4195143860866 0.45305433243011 0.41630693824112 0.45513527309659 0.41632187251638 0.4551970892391 0.41711079085753 0.45558926525881 0.4176975785382 0.4584951276562 0.42008507469727 0.45630354865038 0.4241733031524 
0 0.43914561379673 0.36924114575725 0.44072137357499 0.36550547268979 0.4403184920286 0.35984867496115 0.44539679691128 0.35627667854071 0.4473938081231 0.35608429685307 0.4489138688111 0.35313013257619 0.45243398066146 0.35425608285687 0.4520005392632 0.36005480234752 0.4493319873988 0.3733144523544 0.45102833149959 0.37360090821693 0.45125196010414 0.37302670297197 0.45439122604517 0.37483139842445 0.4541875231661 0.3686462566111 0.45707806261972 0.37388512981781 0.45575110034263 0.3757099213713 0.45516348912986 0.37931003470535 0.45066661496004 0.38364625415065 0.44871241702801 0.37747263626776 0.44383400113264 0.36858769543723 0.44085569586877 0.36886733092208 0.43836421590741 0.36806521854146 
0 0.41765717184049 0.40187312599535 0.41836073585956 0.40154129093637 0.41710542018208 0.39652984204745 0.41673761620487 0.39356180182978 0.41491844382471 0.39131166515921 0.4166468243696 0.38805598120985 0.41684677748725 0.38398387489915 0.41632332564342 0.38389027109514 0.41450258387852 0.38017528192887 0.41589980798741 0.37335806693972 0.42074916328852 0.37193697124863 0.42016240492745 0.36929231100713 0.41612414073747 0.36978373097819 0.41526569703795 0.36276897253506 0.4178578281907 0.36189042473136 0.4209773314722 0.3601277098349 0.42390835495503 0.35799870631201 0.42684320043277 0.358362643084 0.42979782205722 0.36242842402197 0.43227860401355 0.36547054765237 0.43138429415182 0.37043143167229 0.42981845096097 0.37098435263518 0.43051592669936 0.37311289843471 0.42884092222613 0.37666419853667 0.42796184962286 0.37884554346685 0.42609532453179 0.38064212502175 0.42527580126134 0.38776894932571 0.42528954704868 0.38947474930184 0.42428990475413 0.39009199348181 0.42409455528674 0.3932965126566 0.42801982934478 0.39392128277057 0.42791380053567 0.39892638165268 0.41846911574407 0.40544454604513 0.41846911574407 0.40622547928941 0.42289268722354 0.41210970133584 0.41570367711719 0.41123115477859 0.41335948344924 0.40193169876215 0.41882926867446 0.3971694171322 
0 0.3604639983906 0.4274208612622 0.35905154874374 0.42273208679314 0.35548876001521 0.4209888923325 0.35400222870813 0.41153090997485 0.35693364281585 0.40573970376884 0.35808550141539 0.40038135636002 0.36294790593842 0.39923529772447 0.3657231967518 0.40122661282138 0.36822913971954 0.40363701681903 0.36975763209222 0.40511493365487 0.37016856923183 0.40781133469255 0.36983053651345 0.41005300468738 0.37233609426004 0.41217861066894 0.37103654598536 0.41658716168956 0.37507176827054 0.42245067634442 0.37781048411673 0.42479677974646 0.37780587948527 0.4303893609782 0.38344201856278 0.43454874390063 0.38557632870375 0.44391252395975 0.38625934858155 0.44890328706112 0.38911098196679 0.45115753947684 0.38836084001199 0.44683048021022 0.38961459289373 0.44397803363494 0.39107705714643 0.43859099360279 0.39386117775574 0.43629193836128 0.3951912011247 0.42853128930402 0.39109042500156 0.42656067052559 0.38889273754181 0.42716133413224 0.38752982337769 0.42486921686113 0.38562555676953 0.4233258124294 0.38400821945908 0.42045255194293 0.38164456904339 0.41599919809652 0.38383154540077 0.41184664642431 0.38251942209817 0.40884603302359 0.38152134259936 0.40369558954127 0.3817223962712 0.3986244035513 0.38092763649805 0.39688920539552 0.38229242601706 0.39266551012855 0.38349656013408 0.38694556511001 0.38699190908428 0.3845156291727 0.38971758113294 0.38540321901275 0.39592985047566 0.38427091872527 0.39866325836323 0.38658724811733 0.39964149035616 0.3910474343205 0.39966977695904 0.40329142336741 0.39600236419796 0.40950866799294 0.40067246670528 0.41128289557608 0.40577897992276 0.411659556409 0.40695717163051 0.40925937142949 0.40853754882173 0.40812718873474 0.40791946310689 0.40565127404444 0.41199125574504 0.40197532566075 0.41220722763663 0.39387824383555 0.41237811935071 0.3854009847511 0.4104284599664 0.37277010333183 0.40221463354068 0.37187206006795 0.39422093333489 0.37040850109216 0.38952841062082 0.37219532245141 0.38780190611588 0.37683353205147 0.38386171312748 0.37570874544408 0.38190289917907 0.37540901385825 0.37935077559724 0.37690361731176 0.37744455549441 0.37929627635728 0.37718583465979 0.38271434390906 0.37296566104577 0.38606244379327 0.36881902236022 0.3841687306528 0.36541571669012 0.38918829343931 0.36275404112698 0.39006388882206 0.36045868488509 0.38946040299017 0.35729418489067 0.3851305214983 0.35592290467155 0.38981188762609 0.35703584965719 0.39267821014216 0.35475464175038 0.39534003892057 0.35103424518011 0.4010049505468 0.34792811050875 0.40009666438827 0.34632561975781 0.40529179310366 0.34481431813826 0.40574652414651 0.34326300894779 0.40721643312912 0.34325800800142 0.40888507380616 0.34691127746106 0.41329362482678 0.33935523820203 0.41593264061779 0.33974593713682 0.41652165132242 0.34192416183805 0.4196566732797 0.34244762499363 0.42333379768347 0.34572964760269 0.42486110296354 0.34188712357904 0.42866687370858 0.3418909524286 0.43092571224032 0.34562665936348 0.43147804523962 0.34814674563265 0.43563624136232 0.35082740916403 0.4357189090435 0.35087780932662 0.43798809573448 0.35335319963765 0.43808452176374 0.35597478949009 0.44059265685893 0.35788444774355 0.44561668816875 0.35905841990281 0.450093090188 0.36162960959265 0.45014471339147 0.36530351325618 0.44979910839148 0.3674523574518 0.44391252395975 0.37038338093463 0.4414929467126 0.36982975511558 0.43858640748676 0.36788274604395 0.43133787471904 0.37038181813886 0.42896426569394 0.37113000117056 0.42338436255375 0.36529889770862 0.42569260107682 0.36554120918797 0.42921920670788 0.36279373613875 0.42834984373921 
