0 0.61398209312257 0.6365169240759 0.60778375876676 0.6365169240759 0.60778375876676 0.62205103657585 0.61398209312257 0.62205103657585 
0 0.60785988004339 0.6365169240759 0.60166146696858 0.6365169240759 0.60166146696858 0.62205103657585 0.60785988004339 0.62205103657585 
0 0.61398209312257 0.62222671990356 0.60778375876676 0.62222671990356 0.60778375876676 0.60775848055173 0.61398209312257 0.60775848055173 
0 0.60785988004339 0.62222671990356 0.60166146696858 0.62222671990356 0.60166146696858 0.60775848055173 0.60785988004339 0.60775848055173 
0 0.60173758824521 0.6365169240759 0.59553846669936 0.6365169240759 0.59553846669936 0.62205103657585 0.60173758824521 0.62205103657585 
0 0.59561458797599 0.6365169240759 0.58941625362018 0.6365169240759 0.58941625362018 0.62205103657585 0.59561458797599 0.62205103657585 
0 0.60173758824521 0.62222671990356 0.59553846669936 0.62222671990356 0.59553846669936 0.60775848055173 0.60173758824521 0.60775848055173 
0 0.59561458797599 0.62222671990356 0.58941625362018 0.62222671990356 0.58941625362018 0.60775848055173 0.59561458797599 0.60775848055173 
0 0.58954692716641 0.63638945370961 0.5833485928106 0.63638945370961 0.5833485928106 0.62192121435778 0.58954692716641 0.62192121435778 
0 0.58342463536823 0.63638945370961 0.57722551382238 0.63638945370961 0.57722551382238 0.62192121435778 0.58342463536823 0.62192121435778 
0 0.58954692716641 0.62209689768549 0.5833485928106 0.62209689768549 0.5833485928106 0.60763101018544 0.58954692716641 0.60763101018544 
0 0.58342463536823 0.62209689768549 0.57722551382238 0.62209689768549 0.57722551382238 0.60763101018544 0.58342463536823 0.60763101018544 
0 0.57735697455865 0.63638945370961 0.5711578530128 0.63638945370961 0.5711578530128 0.62192356620956 0.57735697455865 0.62192356620956 
0 0.57123397428943 0.63638945370961 0.56503563993362 0.63638945370961 0.56503563993362 0.62192356620956 0.57123397428943 0.62192356620956 
0 0.57735697455865 0.62209924953727 0.5711578530128 0.62209924953727 0.5711578530128 0.60763101018544 0.57735697455865 0.60763101018544 
0 0.57123397428943 0.62209924953727 0.56503563993362 0.62209924953727 0.56503563993362 0.60763101018544 0.57123397428943 0.60763101018544 
0 0.56516631347985 0.63626198334332 0.55896797912404 0.63626198334332 0.55896797912404 0.62179374399149 0.56516631347985 0.62179374399149 
0 0.55904331321063 0.63626198334332 0.55284497885482 0.63626198334332 0.55284497885482 0.62179374399149 0.55904331321063 0.62179374399149 
0 0.56516631347985 0.6219694273192 0.55896797912404 0.6219694273192 0.55896797912404 0.60750353981915 0.56516631347985 0.60750353981915 
0 0.55904331321063 0.6219694273192 0.55284497885482 0.6219694273192 0.55284497885482 0.60750353981915 0.55904331321063 0.60750353981915 
0 0.55457539547673 0.5638277708464 0.55820692379572 0.59194545235404 0.5672081269993 0.58951551909847 0.57507845299491 0.59498863096036 0.58132142102585 0.59325696249726 0.59444529589419 0.58401947668175 0.59796924739391 0.57300093351582 0.60102880233538 0.56035855429075 0.60300756193282 0.54971548426096 0.60307675593712 0.54110159194401 0.61243386469964 0.52563887206845 0.60488713558552 0.51104198991235 0.59935759788562 0.5068240578557 0.59153253531717 0.50924599834853 0.59122049318628 0.51101447324726 0.58573779329362 0.51554131743249 0.597477253608 0.51505789092556 0.60450275069018 0.52728328990827 0.59895323496573 0.53089843877533 0.59316768646321 0.53387035328652 0.58140676858507 0.53083058486527 0.58290343684435 0.52033462641727 0.58468154170121 0.51421722491572 0.57033917537373 0.5150256739435 0.55585457932009 0.51255552063526 0.54838704295307 0.51812165154399 0.54362312628371 0.52632902607402 0.5446286828377 0.53507497176649 0.54945708572316 0.53088691470192 0.54975306918476 0.52268753646773 0.55612976544359 0.51856956170353 0.56992560159709 0.51975689077519 0.56907150038475 0.53553205415927 0.56592274015494 0.53279438109873 0.55611134519671 0.53577888100322 0.54706251699585 0.5373855485444 0.55251207618793 0.54631176677728 
