0 0.54017636603853 0.53824282631829 0.53994594151876 0.52505150184908 0.53063480426964 0.50260893093578 0.52266820909318 0.49871027099118 0.52001114377747 0.50039843205952 0.51838114782153 0.49870803672953 0.51578135896966 0.50262163999752 0.52542366174578 0.51456811072034 0.52791209205614 0.52253890671177 0.53056149967273 0.53078179517162 0.53330249666377 0.53811759007297 0.5355398636396 0.54707027651876 0.54582626333451 0.55447955853282 
0 0.62551814088068 0.57152591661497 0.62596760093526 0.5604051732162 0.62870102077694 0.56376867774655 0.63920330874911 0.56209320914639 0.65046333018952 0.56257899221239 0.64385051629886 0.55096788717703 0.63888888645787 0.54793846356024 0.6337327422642 0.55127680324881 0.62394621462044 0.55037757172961 0.62229339001272 0.54167759203611 0.61698152543511 0.54025013402493 0.6125091165888 0.53092878607359 0.61020533273679 0.52502281770693 0.60705917900764 0.52207958955289 0.59704595600792 0.50427181861775 0.59189748172485 0.48521696741429 0.58220932023888 0.4781166109595 0.59105193109018 0.49622753592321 0.59669418183259 0.51739304934548 0.60090410798897 0.52503775198219 0.60530103380108 0.53197384089657 0.61334693138456 0.55139039781498 0.60824041816708 0.55106889149838 0.60246916978195 0.55327140317355 0.59121446184705 0.55745959320779 0.58689770745635 0.57257437329408 0.5942439413874 0.57102979293516 0.60254324629998 0.5669427329843 0.61151861664932 0.56093445804265 0.62036200889848 0.56337133195037 
0 0.60216396705781 0.58138230310326 0.60370541935141 0.58434857943015 0.60636476211079 0.58502378985424 0.60994894460891 0.58962531749225 0.61261366762375 0.60677844334631 0.60283392630746 0.59400635181672 
0 0.59263152688353 0.60098724355689 0.59822650309354 0.61490998004348 0.59926426641987 0.63078276900509 0.58298924425184 0.6037386714935 0.58337000863435 0.59511219374251 
0 0.54346223202069 0.44277564808718 0.53805886561605 0.43381718881222 0.53378476588474 0.42759888569513 0.5337611772248 0.43930759298273 0.54035647824747 0.45093822905664 0.55041619442042 0.44568101138583 0.55552122298194 0.44111394538052 
0 0.56449127982577 0.43575336371006 0.55831948689269 0.42739216863886 0.55855140578038 0.43900327367423 
0 0.56807626553421 0.43097732458609 0.56892555645605 0.41226468853896 0.57745304020602 0.40876795145843 0.58646809490766 0.41833845887081 0.58830406734202 0.44497133932903 0.57871365872954 0.44554319271962 0.57021595689787 0.44036640846833 0.57432744864875 0.43318453997012 0.58213986474615 0.43803053602638 0.58481832958562 0.42755174195801 0.58097846231472 0.41979226882794 0.5738406377637 0.4184693507436 0.5711133142113 0.42524010429562 0.57074473932623 0.43500465087068 0.56690416870023 0.43274121540977 
0 0.54430238120926 0.39343668317718 0.5470868925175 0.40966129194551 0.5505253557028 0.41564430327176 0.55684288947737 0.42726011201587 0.55469638947541 0.41057311728178 0.55021248399582 0.40141605469105 0.54652983397628 0.39343433132281 
0 0.50476318016988 0.43865073070384 0.51058326592186 0.45146763147581 0.50163758869157 0.44976230187056 0.49461415022044 0.45624601159645 0.48993803939818 0.46745977083564 0.48256358855538 0.4596853634303 0.48405918407775 0.45145387312773 0.4887536661986 0.44682248390535 0.4938343151466 0.4503938923622 0.50197866886164 0.44636433220467 0.49696905760627 0.44391252395975 0.49188840852992 0.43861849963428 0.48062759719371 0.43238985917971 0.47850931386902 0.43931901012369 0.47634749036309 0.44286748800041 0.4743283582681 0.44976230187056 0.47556913994521 0.4602285140788 0.47632076655595 0.4701515857573 0.48556095264329 0.47271122646324 0.49345276710433 0.47338079940299 0.49745586849131 0.47156058171166 0.49977184499838 0.4629512660042 0.50753776772518 0.45743568694131 0.51486337275247 0.46153768393382 0.51815376104148 0.46315458381468 0.52314588689842 0.46213704395003 0.52313673525578 0.44858637468448 0.5157226069499 0.44521934237257 0.5091463623134 0.43440632834733 0.50790862805672 0.42783995077437 0.50760488980218 0.42815922594234 0.50313326235373 0.41640912631359 0.49823804777852 0.40574087969602 0.48921531605995 0.38814101268738 0.49573819105583 0.38208733953344 0.48402941281892 0.37913435118375 0.48020790839796 0.37914752156824 0.46766663675684 0.37146213185089 0.45946039612322 0.37041707297304 0.45366937069326 0.37698687295653 0.45476442166769 0.38981987203353 0.46023420675473 0.39863932615194 0.46649453992286 0.40687081666245 0.47620402571424 0.40665151770892 0.48283747677795 0.40031820907013 0.47542262784466 0.39737615684327 0.47159346572458 0.39857842479832 0.46921035850194 0.40043192122902 0.46798942433072 0.39816732065407 0.46061498193658 0.39157977655764 0.46570172578796 0.37978263984144 0.47389874571941 0.38161649828813 0.47868558906845 0.38970040972885 0.48720002119401 0.39158611471164 0.49119709733677 0.40203623868899 0.4968820793971 0.4115745255256 0.50242812891622 0.42921343376241 
0 0.53291336051489 0.35219020112833 0.5368111979734 0.3451208925118 0.5438605788538 0.34744464222421 0.54540657453876 0.36925491652261 0.55204845643018 0.35216210931661 0.55009269570241 0.34113602805632 0.54534781341897 0.33524145785066 0.54189943624205 0.33513925649942 0.53907756435433 0.33288783958771 0.53293319848647 0.33692844299181 0.52777776976236 0.34266790840163 0.5255595374902 0.35208978979467 0.5317428264767 0.36231424149221 0.53884173847729 0.37090286088119 0.54156748866574 0.37797159438216 0.54230004916847 0.36568527195654 0.53377413887371 0.35918945018063 0.53291336051489 0.35101427391255 
0 0.5169038370093 0.26518312629279 0.52266820909318 0.25852949508851 0.52856682533106 0.25455780101752 0.52619207906562 0.25056153006834 0.52234463223539 0.25050296889447 0.51923889745183 0.2493005833467 0.51761811280189 0.25011479533035 0.51583402518607 0.25236103607128 0.51392327297559 0.25174780541366 0.50721419086739 0.25739942906268 0.5027715532799 0.26567289996579 0.49666688242382 0.26762388076022 0.49824796287312 0.2769613305813 0.49587634219917 0.28327899938852 0.5023724240109 0.28526455244221 0.50511496549076 0.28701527283685 0.5088059764675 0.29485223956849 0.5107022728174 0.30563890205369 0.52862253899916 0.30834094754187 0.53713164923972 0.30915292526386 0.54385293096535 0.30087827843356 0.54972254753159 0.29809754920211 0.54941123862035 0.29220640339981 0.55253378264697 0.2888210266238 0.55206900719415 0.28102992105242 0.55120829744081 0.27212262539601 0.5414293375224 0.25761474133045 0.53766964167292 0.25507403305221 0.53173211182114 0.25108740470596 0.52900793386408 0.25328144964974 0.52868512896851 0.25918977820349 0.53418313208504 0.26267452082672 0.53650903141724 0.27224092367093 0.54112717096623 0.2804586409653 0.53910577281742 0.28977705542608 0.53689973035203 0.28992463428793 0.53194879345038 0.29883015185755 0.52383725844586 0.29830135159798 0.51297246804788 0.28261529147905 
