0 0.47358587401243 0.40265289490537 0.46612289923966 0.38319318145923 0.46024335680832 0.38640922472044 0.45936584697861 0.39353945921324 0.45817616104584 0.39925716997013 0.46096825191341 0.40290088638195 0.46141701643807 0.41016554091909 0.46531329290699 0.41988069855233 0.46893562692909 0.42083612827714 0.47029548572342 0.42581889565661 0.47736619876566 0.43087514737132 0.48331365237038 0.42406417710954 0.47675952145972 0.41576036728502 
0 0.51417964961659 0.43322922520432 0.52555649938696 0.42869897652076 0.53119333799007 0.42622422677988 0.53719119175738 0.42945685069608 0.54151638524507 0.41861857590351 0.53290420862551 0.41333841634928 0.53447459349775 0.39687543532826 0.54192693168574 0.38580691481573 0.54033664046342 0.38095621517315 0.53846252609118 0.38045432945013 0.53802298978954 0.37745889012902 0.53329107871074 0.37158560420542 0.52852713031928 0.37995314928342 0.52225609985677 0.38552727933088 0.51650556763499 0.3927878065559 0.51092739354362 0.39318632827926 0.51113033155438 0.39731875988861 0.51018718430197 0.40203847295065 0.5064526405037 0.41210158743825 0.50053339536207 0.40898961373301 0.50346520016872 0.42097619231889 0.50136745944805 0.42552608978727 0.50719895360893 0.42803293136256 
0 0.745385668031 0.53220926151922 0.7395076025571 0.54079211886499 0.7342232431845 0.53421656922586 
0 0.74779778007735 0.52505150184908 0.75918601394541 0.51521687849492 0.76448185986669 0.52563711360255 0.75286770891179 0.53270879538787 0.75092337163462 0.51917186577015 
0 0.73992502529903 0.5439581852208 0.74187547252128 0.54867224212436 0.74187930137085 0.54899491654422 0.73824697337411 0.55184054274182 
0 0.71425641784253 0.54099308482109 0.71624656007656 0.53980575114131 0.71591915436921 0.53662816069908 0.7138809561662 0.52784092720837 0.70860120704103 0.52610690497978 0.70577856351676 0.53221960967846 0.70137327674743 0.54251814478872 0.71003047589294 0.54762613729962 
0 0.69270922888043 0.50917648443595 0.69621480057163 0.50739308214776 0.69817901410566 0.50153295753334 0.70334505613153 0.49284439340885 0.71138493695141 0.48989081709557 0.715749044053 0.49874013039584 0.7126150134777 0.50685333156935 0.70607236911572 0.50989533760703 0.70768165802811 0.51492748281442 0.70671639723982 0.52087943826677 0.69832473109906 0.51926030412426 0.70134123943478 0.52868147996098 
0 0.69935111093963 0.54151448287011 0.69693900011715 0.5327708843433 0.68534391527027 0.53671082019362 0.68652368318859 0.53848965343465 0.69069774091347 0.54161443668345 0.69199572091463 0.5467039752003 0.69858954683706 0.54577721902734 0.69739761621634 0.53681077400696 
0 0.52666217740035 0.49036164898336 0.52997013776503 0.48092213804005 0.53831523259277 0.4763389618323 0.53637088027389 0.49556490095385 0.52549008056637 0.48859775815967 
0 0.53330405945955 0.52975521071223 0.5345051365807 0.52253890671177 0.53336281103517 0.51398239013497 0.5371431357884 0.51142380776349 0.54984390858275 0.48521579148707 0.55556474684328 0.47447288298071 0.56098569456348 0.48423401936693 0.55948088875171 0.49047878068861 0.55919621530236 0.5004994442048 0.55684367087526 0.51370792872974 0.55205917159896 0.53149041723037 0.54589494820725 0.53681077400696 0.53213196262558 0.52740335628066 
0 0.46506684001893 0.81964878610068 0.45878432300773 0.84237158046951 0.45202952912416 0.85785383819257 0.4672743750164 0.86253112397118 0.470812067855 0.87607953411005 0.47587131459468 0.87363924995185 0.48057954122473 0.87374378988134 0.48645760669863 0.86270567860709 0.48524503348462 0.8541824993507 0.48066651080761 0.85187199052003 0.47119206163898 0.84843148619063 0.46686538349533 0.84500248242939 0.46617173660651 0.83953971254845 0.47437641423708 0.82325123912625 0.48411646054159 0.82848435042195 0.48797531578071 0.84083158618771 0.4915969471172 0.84356702807708 0.49461266556448 0.85091195178179 0.4918899713257 0.86371853999586 0.49238669745342 0.87975430665939 0.48375171230845 0.8907786243074 0.47423755983566 0.89455793678622 0.46148491218478 0.90066029347983 0.45320921300868 0.8942902957519 0.45119851248986 0.88086943843812 0.44657654409131 0.87664221528281 0.44140283065704 0.87521593316278 0.43247621953477 0.87327412455135 0.42273625812105 0.87019762849159 0.41443390554705 0.86269189674012 0.40943264008133 0.85489908587746 0.41005072579617 0.83890694611363 0.40708078877348 0.82192150063064 0.41306802203652 0.80797911959665 0.4308745171383 0.79971776053486 0.43360713667141 0.81482689655235 0.42430818946428 0.81314214563029 0.41882926867446 0.83905393701561 0.42976883912491 0.85560418359531 0.43915474898627 0.85426748361059 0.44969526670041 0.8437208393569 0.45155186808543 0.83299979333785 0.45947187499317 0.80831908015474 0.46904399889551 0.7844605752809 0.47039159766138 0.77434571974159 0.46383746675072 0.77008415951157 0.45788923174813 0.75859017653358 0.4470260115105 0.7572971269671 0.43853822606717 0.7530367426643 0.44031771063071 0.74025876780398 0.45601208723766 0.71553454593847 0.4681657076901 0.71437343173643 0.47677249266436 0.71088128447043 0.48407067062643 0.71378781998297 0.4902203499998 0.70670121610207 0.49261259957751 0.69563679961552 0.4864781574626 0.69488573492177 0.48061767344076 0.68444820521811 0.46649610271864 0.68386024162507 0.4644540678096 0.67805292521661 0.46219685153161 0.67426103041237 0.46144443577514 0.66091472722123 0.46375049716784 0.64433580019555 0.46991159289285 0.63896709902406 0.47741277007869 0.62970902405417 0.48635376727988 0.62922325437091 0.49462486393831 0.6304302260347 0.50316147081682 0.63157286869119 0.51230320978624 0.63035096854236 0.52034308159247 0.61961368890663 0.51683593353444 0.59979638209554 0.50439390035057 0.58841834582846 0.50946000648434 0.56681303563859 0.51691454216012 0.56196457025766 0.52325191330176 0.55518228489921 0.52705287634501 0.54916036162716 0.53137040274732 0.54961274868779 0.54111576255733 0.54798550064769 0.54934255374762 0.55218391348015 0.56644705093498 0.55436243618509 0.56917052468816 0.54104600154447 0.56698198553505 0.53620906024996 0.56881569191559 0.5297081736236 0.56997177006363 0.51573134663883 0.56455997503227 0.50066936568319 0.57333850092449 0.48625967153767 0.58408725373884 0.47566491064044 0.59643013634691 0.47546277848595 0.60556428674334 0.48261594355888 0.62055431091419 0.49040528523948 0.62552657997767 0.48774451479554 0.62706265190969 0.48192461596618 0.62960063219008 0.47930053445044 0.61885641148338 0.47123567303014 0.6167030352344 0.45460382928109 0.61456177065239 0.44038239045796 0.61889610649515 0.42929152622982 0.62471845830096 0.41950968237773 0.63449508612624 0.41614736492196 0.64534767461697 0.41334076820371 0.66057580347801 0.43094523263161 0.66457890486498 0.43494843079381 0.66699098908812 0.44098765080074 0.67016463653541 0.44504483477816 0.67512777637078 0.45806387743341 0.684492347872 0.45439133923856 0.68713487918734 0.44570511789314 0.69192783099111 0.43063737489429 0.69741745003269 0.41453269930276 0.70521159510952 0.41804212521243 0.71218618232687 0.40754263533053 0.70738941522489 0.39634145851224 0.70487886200972 0.39279180470833 0.70558321404936 0.38687606781332 0.71220524843489 0.38205688301932 0.69376761872368 0.37834483367102 0.69342270970405 0.38220446188117 0.69151727099908 0.3839235498345 0.68996666506669 0.39146547643515 0.69308850583523 0.40185702738583 0.69496487653945 0.41489559043238 0.68834440494966 0.41464300127281 0.68451368003384 0.40275742326162 0.6771392376397 0.39737615684327 0.68569796664497 0.37144660961203 0.69271079167621 0.36158610737858 0.70241028367631 0.36162808797913 0.70707654351791 0.35924811627749 0.71107129788151 0.36174285847249 0.71917908238108 0.36703570673704 0.73522899502767 0.37909754466283 0.74083161789408 0.39151027926094 0.74738721867393 0.37221307895192 0.74847844079879 0.36112914207407 0.74496677552435 0.35470516944923 0.73531673136319 0.34206218830808 0.73177912334633 0.3363151837152 0.72993547865477 0.31826283317443 0.73992502529903 0.31758937967496 0.74192813873769 0.32963228517305 0.74614799979256 0.33175611389959 0.74778862275953 0.33704778637064 0.75756525369383 0.3557179827757 0.75834508878737 0.36984581993362 0.75403753966234 0.38508513070892 0.74867988516957 0.39839590921827 0.74058053997182 0.40849006843859 0.7451460133044 0.41910552735127 0.74936057585599 0.42803293136256 0.7614813701873 0.41980601603611 0.7711732979363 0.42519764232049 0.77089783963401 0.44264935350739 0.77395396484172 0.45581761109238 0.76696107902729 0.45446718654207 0.75950498055577 0.46523997308647 0.76062292648778 0.47635272018038 0.75296538364549 0.48915927279311 0.7510103261758 0.49378489997228 0.74974516488517 0.49383205465244 0.74896987691133 0.49653526686624 0.74509186243204 0.50579334183613 0.73372877461264 0.50328427496688 0.72783398722432 0.5033197879679 0.72535468992394 0.5004488793358 0.72170720280854 0.50538918462996 0.71643347044696 0.48961412142869 0.72200093026771 0.48505846191709 0.72785227193447 0.4903915268914 0.74066674293944 0.49080497354371 0.73887812317079 0.47969105986894 0.72357444550849 0.46169607124411 0.71730340069517 0.45230477403958 0.7161618565475 0.4362528975787 0.70794648772213 0.43143441834102 0.69976164364143 0.44355763966592 0.69182100035099 0.4572611895362 0.68528594893191 0.46965205188865 0.68050901595225 0.47211867675417 0.67433722301918 0.47625052239391 0.66455904449863 0.47275261910019 0.65639554653579 0.44626437839133 0.65208566844634 0.43243807219434 0.64277914167988 0.43259187265337 0.6395741724068 0.4298013973703 0.63419743957724 0.43065348509674 0.62910311616652 0.44613350816703 0.63646075850647 0.46332909140909 0.63961307379192 0.48333478784773 0.63550690612707 0.49985515369955 0.63108716349717 0.50551547920975 0.6253838185869 0.5044727755728 0.62012774581718 0.50548561065922 0.61545764330986 0.50388481196491 0.61146290298122 0.50091631039227 0.6055657713993 0.50227591740481 0.60215254736519 0.49865170981731 0.59349301803474 0.4960644348225 0.58520060027861 0.49549258143191 0.58175072859727 0.52195094311873 0.58478933972465 0.53918791899774 0.57856636523112 0.55308196907216 0.57394744428426 0.56021443782662 0.5704967912922 0.56741475757971 0.56065142278991 0.56856316068765 0.55129604842156 0.56794533592607 0.54689154305011 0.56986762409716 0.5423565540073 0.56846085501988 0.52811814667434 0.56209320914639 0.5178828504001 0.58089311739385 0.51462832827331 0.58162689595797 0.51699394131582 0.58661318000511 0.52442635429973 0.59497778526514 0.52659575857976 0.59857224189483 0.52860652034283 0.5999698247669 0.53059971002855 0.60337014240676 0.52642712354479 0.62214358474711 0.52327254220552 0.63287051013126 0.51564625527801 0.64558639332173 0.50910056346434 0.65208151497754 0.50399397210707 0.64971131614128 0.49892255232956 0.64911182311466 0.49032561275128 0.64381779878918 0.47939752066742 0.64617200507519 0.46999175637152 0.65619726012883 0.47498387294089 0.66926333987153 0.48026511492631 0.67214235763585 0.48601877365508 0.67498222186198 0.49742539397363 0.68664154020651 0.49728270208483 0.71141985912166 0.49500641195097 0.71787828641305 0.49229972787053 0.72331118760546 0.48330529141318 0.7290702909993 0.47391938266716 0.72610636652678 0.47166058780158 0.72720762233654 0.4703129890357 0.72509236451422 0.46609164332488 0.72378555317159 0.45003860549226 0.74073419213274 0.45321077580446 0.74553785480923 0.46171761247034 0.74625905097067 0.46795966096533 0.75626701472607 0.47508991670536 0.76104304311299 0.47664278061801 0.76991882414503 0.48127468099931 0.76913107050318 0.47775839049738 0.78659535354845 0.47589881170638 0.79428603513241 0.47235658688853 0.80315828838281 0.46542011782505 0.82044465364033 
0 0.79506467852497 0.26717491176057 0.80952821333348 0.27398868942404 0.81577939644802 0.26571535093721 0.82163072143468 0.27364074739324 0.82515773391562 0.27810913838816 0.82163072143468 0.28868777962138 0.81530171125024 0.29044251262068 0.80880477866363 0.29702206041224 0.79827348887639 0.30765255976714 0.78617174565087 0.30502224583731 0.78178858826269 0.29868551281001 0.7763080822034 0.29398699234497 0.77924137166601 0.2754149863316 0.7813338146911 0.25916167354374 
0 0.6279714957718 0.14347466253341 0.63089329868572 0.13875941146292 0.63517043620443 0.13632090949688 0.6395741724068 0.13214717272854 0.64307904218222 0.13037812627658 0.6493400832275 0.12464593301903 0.65549671719744 0.12420496031311 0.65872145543438 0.12464828487347 0.66378835177987 0.1222659925834 0.66917874684337 0.1239254610284 0.67313535495598 0.12369225604703 0.67661116895943 0.12811752385406 0.69733884140702 0.12531150782317 0.69745784830255 0.12914587217829 0.70660035965619 0.12641217569715 0.71732169959817 0.12889269505513 0.72474654234247 0.13346773899187 0.73569219303952 0.13465920679023 0.74938267441347 0.1499444963185 0.74824495911536 0.16880013596916 0.75133773188316 0.18137009203205 0.75913717657856 0.18996045836552 0.75436181977821 0.20210968462753 0.75070667496368 0.20521483795509 0.74702629099797 0.21076944761126 0.75608792767211 0.215880850311 0.76062066043396 0.21178180332576 0.76255883970966 0.20375127897929 0.76999970092272 0.20039341889944 0.77242172175926 0.18504945060458 0.76857124296487 0.182756274999 0.76537007482504 0.17578443789817 0.76058401287388 0.1652482479036 0.75982394716614 0.1488834572185 0.75483036108121 0.1358477163972 0.74591070417465 0.12893689142944 0.73607837453336 0.12169472715641 0.72552637743601 0.12039991373181 0.72045798203444 0.11700475797085 0.71491115111745 0.11299121968135 0.70638447334139 0.11174356093691 0.68996744646456 0.105795603637 0.6756054317615 0.1104505114031 0.67075451378716 0.10939335286281 0.66543811710191 0.11100801848202 0.66143345302032 0.10934749170256 0.65796599997407 0.11234528287803 0.65363777161875 0.11112512189191 0.64857930178618 0.11288666086116 0.62940684551843 0.12497438807839 0.61896636587182 0.13301067446806 0.6098597089722 0.1439052689592 0.60526055739144 0.15923596738661 0.60877684780454 0.1633505366107 0.61901362873474 0.1581989172012 
0 0.75485933580177 0.12051703607955 0.75939738206913 0.13208910033233 0.75929822267948 0.13828059215249 0.7614142481103 0.14180261166752 0.76192936090567 0.14747845941657 0.76389424866877 0.16392239000129 0.76803628249583 0.16768676810938 0.77122977744901 0.17596247327414 0.7751451434077 0.19050020895756 0.77169830361161 0.20882350683396 0.7674403103407 0.21856114114624 0.76736021705907 0.22402967293239 0.76504423191343 0.22904229774849 0.75801391714105 0.24053569247253 0.75951037220107 0.26296615076887 0.76930074052838 0.27102136958624 0.77358391042485 0.26089451984515 0.7739654513904 0.25179084434867 0.77474833391593 0.23989316585806 0.78100562757759 0.22992588943612 0.78099803221661 0.22079704909785 0.78251199058891 0.20928578028058 0.7845982447609 0.19095613286027 0.78882116926655 0.17347738635179 0.78651743606837 0.15577827108865 0.78207245428728 0.13918723201295 0.77584111883654 0.11713342319432 0.76880697521459 0.11169640625675 0.76458867695546 0.10878704480567 0.7617545468825 0.10424984735089 0.7480350756476 0.09483901967341 0.73168144861017 0.08469723565705 0.72201008693408 0.08229999049551 0.71294007499144 0.08172694149723 0.7056213462654 0.07934700214582 0.68841154048918 0.07819915984986 0.68129197661757 0.07878947531219 0.67480349624671 0.08354823720353 0.65832772175044 0.08937046839984 0.65022071864876 0.09128195752823 0.64275851277612 0.09121187226794 0.64264099053654 0.09385653250944 0.6317617563094 0.09701634715689 0.62706265190969 0.09768864402344 0.62240325455318 0.10420045840908 0.61263499978558 0.11096380361982 0.60206863651532 0.12334149558779 0.59483758044757 0.13326561548201 0.60007309135467 0.14395067785833 0.60726210803436 0.13595049243327 0.60985048847734 0.12816691279588 0.61487464235937 0.12357174213083 0.63322687735187 0.10576114897045 0.6446441039752 0.10351207063435 0.65586755599531 0.10115504218257 0.66614170064362 0.09700249051036 0.67131540117794 0.09792641650046 0.67627087018723 0.0940604382835 0.67932622723008 0.09404891419708 0.68139035460935 0.09702553868321 0.68567280563357 0.09554810376661 0.69457417760466 0.09159146156361 0.70523291338443 0.0904855020451 0.71126053841057 0.09051889837718 0.71636712976784 0.0959770820041 0.72951430520307 0.09877553427171 0.74469202114218 0.10820084510341 0.74965516286026 0.11414880240332 0.75130639782859 0.11865154519155 
0 0.73722904636941 0.1668622079665 0.72971653097171 0.15242899527726 0.7266801751301 0.15028727909325 0.72084111569166 0.14415152622171 0.71696381936486 0.14572832698553 0.71265470848947 0.14343503378723 0.70489870951561 0.14334601609925 0.69621784802332 0.14288669894036 0.69231696713999 0.13871980095649 0.68763170539564 0.1405233022866 0.67747197003873 0.13761560532876 0.66709858757476 0.13640755703134 0.65717467835155 0.13698178057546 0.64778041304042 0.14231931407308 0.63846918545065 0.14846482714026 0.63439819278796 0.15454778088114 0.62735411331504 0.15866117417805 0.62169969568866 0.1645689147682 0.62043983612629 0.17112553197963 0.61815440363735 0.1741681259809 0.62239254940237 0.18169453034269 0.62886049212802 0.17259943911467 0.63681793547265 0.16586831430882 0.64464254117946 0.16112850459988 0.65647954680677 0.15476532741056 0.66732370830099 0.15229929050863 0.67749102296058 0.15347404176753 0.68017934419108 0.15714540403519 0.68500205370233 0.15800312532472 0.69496792399114 0.15995304778468 0.70051327025218 0.15757424691551 0.70670875346545 0.15829310896881 0.71616255980558 0.16166190517149 0.7255370681867 0.16722743342991 0.7302163275677 0.18322474727349 0.73060396453219 0.20227325609911 0.7270983792699 0.21932196603563 0.72458244878571 0.20561383004933 0.72082961486121 0.18404814860563 0.71146277822406 0.17236002033958 0.70162738733462 0.16355432479205 0.69340364359603 0.16510066904175 0.68487538910767 0.16168764031634 0.67512777637078 0.16051641680942 0.66496960380964 0.16462981021024 0.65520213019317 0.16638219448914 0.65003606183444 0.16946441723657 0.64581620077957 0.1694506588885 0.63645014364531 0.17567248963005 0.63052932355807 0.18453157227183 0.62949381510131 0.19698158376174 0.63527648401556 0.19520626967514 0.64185959266696 0.19511491694656 0.64652125607729 0.1882465614381 0.65512429034177 0.18742952722921 0.65882678786719 0.18463611219867 0.66223627399281 0.18287045752877 0.67083008797953 0.17978600051968 0.68146443112739 0.17578961197779 0.68996666506669 0.17890405513012 0.69963271299295 0.17945979831826 0.70825168777397 0.18532344163894 0.7135155104793 0.19564431936573 0.71744913139784 0.19987953871912 0.71578029996778 0.20531643806397 0.71379554937906 0.21109564981268 0.71379476798119 0.21759135399587 0.71311252950126 0.22329530640468 0.71570020668615 0.22863119360424 0.70880726165924 0.22696549274516 0.70984120732027 0.21541457887845 0.70396009439467 0.21637060770489 0.69614002079551 0.21635686563593 0.68841154048918 0.21695857131278 0.68401617736177 0.21090326812504 0.67784358967933 0.20869899261473 0.67732622614989 0.21748798999622 0.66066424495751 0.21676796978018 0.66965642834977 0.24120971828396 0.67669057214941 0.25047014510829 0.68461291756328 0.25445561294505 0.69341278595111 0.25164842417851 0.70615168099948 0.25012737775124 0.69592029171458 0.25885040561759 0.686664790229 0.2588056027918 0.67636629202534 0.25469044560411 0.67130774347882 0.2587016356188 0.66117856103526 0.25445843517029 0.65629638714614 0.25342608869363 0.6476918682257 0.24354782995968 0.64114000336886 0.23929883655831 0.63716355991826 0.23533303782315 0.62655825958488 0.23122646490392 0.6203116087359 0.22526698351758 0.61184367816306 0.22106057438025 0.59707494586889 0.20445742325454 0.59006221254857 0.20092223335502 0.58643911593318 0.19873405132251 0.58174157547415 0.19920020558372 0.5735254112949 0.17524127713092 0.57628094337204 0.16183241461347 0.57592914742129 0.15259727045758 0.57410309873988 0.14346076847163 0.57622295302026 0.143374120759 0.57549954548273 0.12581270656934 0.57042202199794 0.11831334853283 0.56416160806459 0.1315574636515 0.56330089831125 0.13986007933689 0.56059499562869 0.14452711736495 0.55834542930196 0.15119568284449 0.55627745984012 0.16050255855873 0.55423849031227 0.1753302948189 0.5527535117279 0.18357330920789 0.55278101693291 0.19232902785002 0.55048714534697 0.20170081474493 0.55235063301168 0.20916524774401 0.55098318670537 0.22649288760907 0.5478575951481 0.23244543102501 0.54356825791079 0.23930520226502 0.53468290459603 0.25504357653809 0.53330405945955 0.27166965824393 0.54003290138967 0.27746145241354 0.54179260939196 0.28107307758015 0.54385293096535 0.28160765407894 0.54847340489728 0.28350066166309 0.55556169939159 0.28993615837436 0.55174628987401 0.28035646755295 0.54894114966201 0.27574342279467 0.54447788317077 0.27386017540616 0.54276021437386 0.26564244345167 0.54808270596249 0.25860181461045 0.54860773712185 0.25586059546546 0.55010411407989 0.25224040131191 0.55285806276285 0.24823778035592 0.55743885149368 0.24225254616421 0.5583973141205 0.23706882394253 0.56075901104151 0.23534456190958 0.56461645976447 0.22563563669042 0.57557431464872 0.22973468367566 0.57746443795544 0.23813680101293 0.57942410567256 0.24436145397973 0.57785287083641 0.25225016150755 0.57392603398263 0.25719046680172 0.56451948828886 0.26815328317939 0.5598502453192 0.2798385892202 0.55525109373843 0.2879976424081 0.5591115117733 0.29865342419749 0.56581903108576 0.30384631865123 0.572755499974 0.30869466643944 0.5798552028772 0.30987059362552 0.57124076020382 0.28867862184156 0.57456326394527 0.28791274046527 0.57780629952338 0.27390439026836 0.58486490089864 0.2633170474412 0.58687028039113 0.24573670082385 0.59671175213911 0.23592958568465 0.59943141863887 0.22648312741343 0.60408698726343 0.22744150807008 0.61497083243711 0.23755224760873 0.62277255499069 0.25340996314776 0.63684840998957 0.25225016150755 0.64271045680714 0.25739543091025 0.647728437646 0.2639066573323 0.6333031297155 0.26454400986715 0.63257213200851 0.26272849588456 0.61847486659944 0.27855011109408 0.61178491704327 0.28695435980861 0.61528520041524 0.29465644769201 0.61347515877496 0.30692854139866 0.60625871503004 0.29824279042411 0.60176489588209 0.30456279703451 0.60481336339068 0.30949053395898 0.60825183801349 0.31760255005944 0.61300820696577 0.32868319434116 0.62114568458513 0.3340637667738 0.62470775315014 0.34222528940879 0.62706265190969 0.35370949909113 0.64151694970115 0.3561900127071 0.64395881804358 0.3691240358268 0.65083802298132 0.37580918187967 0.65519297521451 0.38041245430723 0.66067191541839 0.37099129060558 0.65644064584773 0.35561580746213 0.6454445679528 0.33953923653034 0.63642950259169 0.34643922448011 0.6407264094765 0.32984758402837 0.65596218327732 0.34621238812592 0.66232166797867 0.35795272755903 0.67269503725647 0.35630829823802 0.67837236161768 0.35701563118444 0.680597561596 0.34510419434575 0.68819484539742 0.33148060752413 0.69507020897227 0.32332941947126 0.69519913962075 0.31100630410184 0.70140071760331 0.30406903926027 0.70487737735377 0.31035977933493 0.71263487505804 0.31923614810634 0.72310434219934 0.31733902477704 0.71798868662679 0.30766631811521 0.71841751777761 0.29014112248289 0.71693256344929 0.28457438622056 0.71348191037006 0.27919665056932 0.71424571269172 0.26922361210416 0.72077313407529 0.2662429894656 0.7286573461595 0.2598787387618 0.73472458805763 0.24946768259985 0.7410971221034 0.23865467934568 0.74067821470552 0.2288476817992 0.73999449156964 0.21517976252266 0.74145195487597 0.1981529248318 0.74105978607776 0.18103189537334 
