0 0.47409440877747 0.58333273596298 0.48339159543518 0.57512653715151 0.49002581076545 0.56914812993541 0.49752330970861 0.56853147439959 0.49706744795785 0.57549860010256 0.49353202006112 0.57853836852381 0.49358507666966 0.58325924059496 0.49037097974626 0.58799857470257 0.48965219652296 0.59309727176163 0.48531265400286 0.60090965299311 
0 0.66596278860655 0.71202312536341 0.66799767490507 0.70152822199554 0.66793076375018 0.7155509030283 
0 0.69390803564618 0.70320368120119 0.70030316767294 0.69635144345749 0.7010611337974 0.69259506579992 0.70352417270595 0.69033858161287 0.70802666356383 0.6815374818945 0.69941679166825 0.68436135032266 0.69161258943865 0.69321066300245 0.69273801609218 0.70556470519971 0.69469680008375 0.70086899794256 0.69863117599091 0.69732405175971 
0 0.688397705244 0.67850923754696 0.68845688307287 0.6878580835441 0.69261804833046 0.67163054147079 0.68679559721758 0.66922130451084 0.688397705244 0.68144905226771 
0 0.66320762340545 0.66733794160815 0.67019393516536 0.66232308806492 0.67729704734827 0.65839907041271 0.67481867675291 0.6473793513209 0.67265390409491 0.64264349795393 0.67138241628199 0.63682242962168 0.66525705444266 0.6370612601696 0.65966605533697 0.63323609084756 0.65701234086518 0.64218071232059 0.66003885040262 0.65513541746159 0.66714357369273 0.66733794160815 
0 0.68830157047845 0.65751941905197 0.68194414501605 0.66050171997506 
0 0.70656225393694 0.67018932670209 0.71046821218435 0.65468524951303 0.70187296288314 0.65541791013774 0.69550388700818 0.65850356318715 0.70149314369002 0.66221161029071 
0 0.66524398708804 0.77012926887438 0.66472278856416 0.76679210879599 0.66326829753175 0.76661524954239 0.66903462199494 0.75947361643759 
0 0.68918489530145 0.499296489659 0.68639436645543 0.50453312269247 0.68508668636502 0.49459972418721 0.68013447383868 0.48335034705359 0.67194509972085 0.47913124266556 0.67816580887721 0.47389813298341 0.68123150187504 0.47401761147689 0.68199334439339 0.47699752519515 0.68755208684368 0.47810113161343 0.68833699403014 0.48556896637099 0.68612373052052 0.4902439772144 0.69028568296814 0.49283242521433 
0 0.59157175379698 0.451569304429 0.57928425192763 0.45673009024459 0.57468950239735 0.47035660150134 0.58134983858621 0.48269923690569 0.5871369448664 0.49287370021197 0.59118585682463 0.50435732177661 0.58083863737581 0.50633828647799 0.57032689520914 0.50506016902326 0.56087291593636 0.51743608676844 0.56441527119491 0.53329614867526 0.57073198320247 0.5444272279487 0.57029997330986 0.55330299896097 0.57224795377682 0.56025283855339 0.56667844261009 0.55283333416119 0.55820534941564 0.5474096111866 0.54749068495964 0.54559974365192 0.54276754461491 0.57326387054445 0.54030915006548 0.59034231259053 0.53528923906909 0.59500133095996 0.53065369810075 0.59678238831037 0.51007143378346 0.59919738730717 0.5085216927565 0.60486687879241 0.50409840742257 0.60854164719333 0.50528988405727 0.62278140414507 0.51106164013172 0.63379418527414 0.51045432301774 0.64969905328371 0.50567278753748 0.65912024224149 0.49995328663558 0.65806145033092 0.4950549179078 0.6619727797428 0.48795100013277 0.67017780262839 0.48811780570173 0.67776052553389 0.48050803960856 0.66625044534665 0.46916527424291 0.66509862593907 0.45734662585219 0.66791332214529 0.45499427882861 0.68145140411948 0.45411183877421 0.69683369066429 0.45963136621722 0.70862622824989 0.46491262417927 0.71850447608193 0.47694954704373 0.71666591595558 0.48254750521964 0.73024762478022 0.48300722421319 0.74249842068449 0.48875889326833 0.74921060565489 0.49554612449125 0.76031075807746 0.50388923682342 0.75780615352798 0.51396668624636 0.75207692500761 0.51593617150657 0.74266493179028 0.5183630784537 0.73253291915154 0.51719463771442 0.71727234093618 0.50426362440529 0.70133760440905 0.50294602572041 0.69624807957191 0.50070977626168 0.69546020922676 0.49955969161679 0.67307293216537 0.5068642641324 0.67909484863934 0.51325404310535 0.67616314780722 0.51789106474065 0.67668678760528 0.51947701650934 0.66041330210752 0.51718386774764 0.65381479389274 0.51915184289127 0.64440738678637 0.51766506248087 0.62547545035516 0.51560333305347 0.61734498117089 0.51634825098602 0.60973250734041 0.52703144314288 0.60738183148971 0.53176607634284 0.60616110282507 0.53566361165684 0.60974744159919 0.54678345812754 0.61078895915846 0.55144504009201 0.60323622236311 0.55142820962702 0.59913424008696 0.55295258773296 0.59563633093964 0.55461615643935 0.5788816212906 0.54778588123118 0.56692715871018 0.55262511667733 0.55621529701593 0.55971210986655 0.56370829677615 0.56356965592665 0.56616468836421 0.56590202128896 0.572687431674 0.57135315486112 0.5733833446147 0.57503311084874 0.57621285748711 0.58226463212887 0.54264617059829 0.58497903706579 0.53493256714142 0.57395995064155 0.53313422368045 0.58409344825116 0.51443888694006 0.60056680050233 0.50946530852116 0.59865803869418 0.50078368309236 0.59757407798507 0.49258207059904 0.59076770147667 0.48167253603856 0.58912412739723 0.4739302401856 0.58524808237125 0.46804720070766 0.59472208840691 0.45978702232385 0.60894683204727 0.45705735041104 0.61236544094242 0.43755120986133 0.59944522875164 0.43215511580067 0.60052531558735 0.43758801634071 
0 0.60455273725756 0.61916860703846 0.60692195991734 0.62441899853711 0.60619552414696 0.63374820657191 0.61081412553538 0.62744371510699 0.61275746158113 0.61275616557699 0.60886228783723 0.60669050465998 0.6088322958968 0.60379772697477 0.60729790507557 0.60327984921356 0.60606792064187 0.59922266971376 0.59478276426329 0.59922266971376 0.59813831923643 0.60386663623182 
0 0.63315520855361 0.60439838991851 0.63521929955112 0.60033309653008 0.63949352292464 0.59745760495543 0.6474830118654 0.59792962160699 0.65330853301942 0.60510229915524 0.65322091876824 0.60844169349283 0.64628303717018 0.61330167759657 0.64234708688291 0.61254485169486 0.63680902983198 0.61630111175985 0.63598114206947 0.63019632242631 0.63296771734834 0.63098419277147 0.62335770112693 0.63723470923812 0.62690617915937 0.62601978644885 0.62864886046454 0.6114791100623 0.63021631326735 0.6073955898226 
0 0.60298758401018 0.75494442028622 0.59989800384641 0.7473893316391 0.61040518031087 0.75528543879383 0.60338117903891 0.75435645734208 
0 0.62393729193268 0.74654983814744 0.62858045365028 0.75024071673304 0.63370797339799 0.7419793669974 0.63304681248543 0.72828512206525 0.63368642187079 0.71555325488007 0.62744965516131 0.71252265868076 0.62739047579127 0.70144214422052 0.61838618522576 0.70212994327258 0.6129350516536 0.7048068209647 0.61079106086728 0.71133520871876 0.61276824608464 0.7168140826175 0.61669498614905 0.72153272042947 0.6176151496578 0.72425440089793 0.61995214236749 0.72534648327039 0.62227295322776 0.73604576255765 
0 0.58921175800473 0.70673145886608 0.5973896227917 0.69979537760655 0.60023399318921 0.70261336640526 0.60489634570896 0.70270414788384 0.59619191314954 0.7130865151442 0.59119971136929 0.714829707681 0.58809015328289 0.70740667551113 0.59078613811964 0.70673145886608 
0 0.57307436182691 0.72966201368785 0.57501461188286 0.72197604448936 0.58016905352986 0.721415598211 0.58645659280364 0.72071168897426 0.580159072344 0.710860957808 0.57384154128888 0.71012600412782 0.56985869044221 0.70977581339829 0.56794840051063 0.71509382063552 0.56986638903716 0.7195196529013 0.56864720494379 0.7237652157284 0.57301593637747 0.73134088307857 0.57313275537905 0.72977231553618 0.57464874194182 0.72672219896711 
0 0.48797784331305 0.82185272184886 0.48393814147826 0.8089428194842 
0 0.484909075392 0.83490738069037 0.48411415717066 0.84844311081279 0.48914941824597 0.85563072261982 0.49476893176716 0.86021965580631 0.49664000376745 0.848870324688 0.49317457099527 0.82547010506644 0.48600065809569 0.82832384201216 0.48451548036327 0.83843515835526 
0 0.4907929923254 0.7850293082124 0.49748489483477 0.78143026943868 0.50177445078749 0.77799444917825 0.50456881798285 0.78143262129045 0.51303111088671 0.77627418719626 0.51757746277636 0.77552077147963 0.52153339304448 0.77320337433157 0.52774402236839 0.7779634047348 0.53490712203074 0.77671621773767 0.54473394537843 0.77374430024018 0.55382739202171 0.76678869861091 0.56282859522529 0.76741793655374 0.57228717176945 0.76376386444845 0.57701801052847 0.76417955424996 0.57975625107415 0.7686099726267 0.58922095177186 0.76548530235632 0.59236971192213 0.76908304761157 0.59598047390545 0.76325174872409 0.61014839892061 0.76501328570476 0.61516752260015 0.75962166550692 0.61889738643616 0.76495354866963 0.63128492374335 0.76838031430072 0.63097052004234 0.76326656539029 0.63694356060941 0.76653375787833 0.6416474933979 0.77199534566652 0.64700331607275 0.75601815821483 0.64740539492769 0.74797611865736 0.64634142887292 0.74780161125554 0.64595783116761 0.73679341623743 0.65064176932915 0.73080807105859 0.64656900551278 0.72273733890944 0.64634994832507 0.70076680998287 0.6454066407033 0.69222417877475 0.64195349185418 0.68675447709793 0.63715192981235 0.67424885805367 0.61328173014615 0.67430624323702 0.62021813388119 0.6701755683692 0.61794419510182 0.6637802954257 0.60849948879248 0.66263882416593 0.60172837812177 0.66511697038292 0.59391488724687 0.66557405277571 0.59077691160011 0.67122284796531 0.58673484819521 0.67245733496285 0.58322783785884 0.68075890136386 0.58054186673165 0.68377338737851 0.57589643818288 0.69272030190702 0.57435045964816 0.69627900642278 0.57030997062333 0.70583693204285 0.56749560880102 0.69977809149599 0.56329287990944 0.69781206100335 0.56598042541671 0.68555103454385 0.57040529933688 0.68324163369182 0.57465644041577 0.6745243774893 0.57474635350894 0.6679384869593 0.57899747859694 0.66442681947908 0.58271970668958 0.65607707539442 0.58914484684984 0.65219560274085 0.59897549584139 0.65322683094859 0.60965868799824 0.65263657494896 0.61991217024545 0.65159615100078 0.63005493930965 0.64978747703087 0.63526395074593 0.65967719601996 0.64350636395261 0.65969671638971 0.65137054986593 0.67829110329469 0.65251364647494 0.691901504711 0.65090935313784 0.69988145538157 0.65645729316969 0.70329211082799 0.65859207383258 0.71362626512692 0.658090888032 0.72084256952563 0.65930778701473 0.72742269801877 0.65809246241212 0.73259030433489 0.65889805460018 0.73845158933251 0.65854287445523 0.75369499902991 0.66274402896673 0.75622253413421 0.657008501703 0.76785432265088 0.65212774796307 0.78249024903439 0.64243468343547 0.78309314623732 0.63714114530883 0.78211936200922 0.62992733580456 0.78259361291997 0.61910496844906 0.79136825430585 0.61745525428733 0.79858114851948 0.61844081621437 0.80477310387689 0.61761751122797 0.81253492029518 0.61954626718412 0.81959165155085 0.61638129091908 0.83330424092686 0.61047665716628 0.84916313023419 0.6041114385225 0.85557110317728 0.60202507004693 0.83725923246696 0.60259556336157 0.8261200393049 0.60534915418255 0.81491664058933 0.60534915418255 0.809624974092 0.60656833734875 0.80436317611223 0.60731712932618 0.78963082380589 0.60298758401018 0.78316664160534 0.59675618751537 0.78150153054751 0.59662393958572 0.78247990088657 0.59196692320582 0.78316664160534 0.58726376118145 0.78613514891775 0.57691348773712 0.78831366921841 0.57703029069306 0.80201355859483 0.57706870556689 0.80859368708797 0.5816850241042 0.81240403974381 0.57511230216652 0.82951117438157 0.57975625107415 0.84171493325031 0.57266154342256 0.85204791162336 0.57121397966248 0.84477410444871 0.56677989561886 0.84103959901266 0.56399780858809 0.83215477337105 0.56373567430558 0.82094443669274 0.56562524527176 0.81666677108889 0.56522165293949 0.80901055281537 0.56350195758342 0.79693779209058 0.56713121853263 0.78619371002699 0.5600964947619 0.78726862388148 0.55645574083814 0.79302877925271 0.54598469639642 0.78973642195066 0.53933278314095 0.79435510606212 0.53567360897032 0.79552538750615 0.53135328878182 0.79372010608244 0.51790263643421 0.80424487796787 0.51885356199959 0.8173993729173 0.51566866982659 0.83364302517528 0.52342296401066 0.8377599417102 0.5152435872063 0.84260946007354 0.51088792166812 0.85554241058561 0.50646917345255 0.83550686770823 0.5065352974157 0.82141410149253 0.50616478132339 0.81609256647763 0.50815116240582 0.81246024900127 0.50734241764934 0.80126484658175 0.50452191567348 0.79136825430585 0.49821288818152 0.79770261428833 0.49087991197779 0.80090771788947 0.48497362497671 0.80305860393175 0.48058179931508 0.79373621626711 
0 0.70296072130691 0.43509257866963 0.70722184046942 0.42637532809388 0.7099454586867 0.436120337896 0.70341270659663 0.44146951241474 0.70217353124945 0.43391665278133 
0 0.68925328323387 0.45753736334651 0.69557001097134 0.45978702232385 0.70172072032988 0.46675415263355 0.69502960501055 0.47497987160698 0.69186628184458 0.47146361810462 
0 0.62935845093491 0.57796757409763 0.63535920074289 0.56635071983974 0.64267225738881 0.55611075720446 0.64320266603612 0.55396328134725 0.6501881904295 0.53826855129393 0.65257439959038 0.53490387454974 0.65494055342207 0.53047581102175 0.65841605814017 0.52494872430121 0.66122884558241 0.5144560554576 0.66548156104137 0.51755320566052 0.67102109605475 0.51865681540224 0.66749944398368 0.52739817786465 0.66983031368492 0.52927577868306 0.66842118315598 0.54402423814678 0.66012725184384 0.54220402246429 0.66078683837632 0.55494976557494 0.65146973581066 0.56029881725562 0.6525789832497 0.57378868626839 0.63795832728683 0.58669858863305 0.6332959756023 0.58799046081394 0.63054921593424 0.59150565607182 0.62193932489833 0.59316618101868 0.62193932489833 0.58805137377495 0.62975204596364 0.57208794465615 
0 0.78528049181317 0.58041008976021 0.79027962099204 0.57981989255687 0.79466836300036 0.58796294414815 0.80287316625021 0.58611062568891 0.79703150755284 0.57796757409763 0.79039722718663 0.57317661684354 0.79263276823079 0.56493243562587 0.79394879256884 0.56160456536199 0.79752113976858 0.56497382821713 0.80719499710364 0.55846260898105 0.79859510316397 0.55149207309299 0.78923564953785 0.54909647687336 0.79664169103639 0.543276584467 0.80759780225604 0.5396615531012 0.79656793132801 0.53160693113673 0.79316010685028 0.53279438109873 0.78803644420432 0.53495784954802 0.78877215203202 0.52812160745286 0.78677725498842 0.52214096612865 0.78606846906068 0.50867861412176 0.79081081684281 0.50400136901922 0.797403533574 0.50150029231058 0.78875522744578 0.49635561667925 0.7836669096334 0.49800120732576 0.78050972646997 0.48743504311599 0.77610098983419 0.46928286359987 0.77662297556129 0.49274505392304 0.77735175611648 0.49800226184171 0.77853096682255 0.50388189128319 0.77881774016048 0.51061136586294 0.7813253340885 0.51554131743249 0.78017375375345 0.52975461267748 0.78179654605689 0.53561707360099 0.78049894196618 0.54255891689737 0.77734097161269 0.55327313044341 0.7772917722341 0.56611765132868 0.77622780615244 0.56611765132868 0.77419221138287 0.55962360061056 0.774988611564 0.55209720455511 0.7729622269181 0.53571926156069 0.77026389683916 0.53034022376985 0.76989187081801 0.52564346129846 0.76790547542702 0.52387263138422 0.76317304623962 0.51328929838956 0.76159559608349 0.50625220870515 0.75921560566378 0.49867983413876 0.75760281067406 0.48337562945955 0.75654655905497 0.4832205248388 0.75295807445906 0.48154624160134 0.75059492990658 0.48976161242721 0.74672817362536 0.49812173972627 0.74160144093818 0.50222254597293 0.74198503865317 0.50673680775147 0.75089319621935 0.50610745223195 0.75765043567254 0.51270368729719 0.75847682779486 0.52684349363716 0.74973012290946 0.52847650187698 0.74395380098687 0.53043100824654 0.74395380098687 0.53613377543631 0.76154718389495 0.54322837150558 0.75961919800623 0.5419996465449 0.74081425088072 0.54690772601747 0.74081425088072 0.54905520187468 0.75215088977415 0.55149548327807 0.76550312880968 0.55218445825602 0.76201839586334 0.55624046182994 0.75831002222168 0.55790910066543 0.75738444415213 0.55990147189797 0.75843762573 0.57024820860391 0.76908468613309 0.57326387054445 0.7494702714715 0.58256450358016 0.73348047342945 0.57047798452248 0.72224687771455 0.56914812993541 0.71710863246526 0.56681344667679 0.70459427884302 0.56629674484147 0.70321669627727 0.57894947221436 0.71125540222192 0.57372318719641 0.71391447095639 0.58842002654093 0.71289126183899 0.59044802832789 0.7136185467147 0.59382422914577 0.71398138211127 0.60039741967617 0.71248538665562 0.61548008030464 0.71364696427506 0.62843019933468 0.71994369738557 0.61450853033573 0.72216845386974 0.60147233353066 0.71988530754218 0.59547558187071 0.72466683761098 0.59080280516839 0.72650799638985 0.59217863845769 0.72619359268884 0.61265738780237 0.72853516817459 0.62913187431222 0.73596429421774 0.59453049023428 0.74160222812823 0.59100377090269 0.75049810552951 0.59445464301449 0.75087249312084 0.60577986765208 0.75170809536683 0.6166731747109 0.75210318605666 0.62216357268336 0.753340884984 0.63206016495926 0.75773655426483 0.63333604454806 0.75813014929355 0.59571100223355 0.76239199626461 0.61383566554245 0.76436154578836 0.63323609084756 0.76871108573182 0.62262288933533 0.76598669966198 0.60394248345162 0.77341265706898 0.60207640665948 0.77545061340872 0.61314081093505 0.78099093575209 0.59748747347299 0.7840505073484 0.59151823847882 
