0 0.78608962224773 0.13204867331615 0.77422218613078 0.12788176230292 0.76659231906504 0.12647737954021 0.76360074256243 0.1249362132557 0.7587170196692 0.12465540255164 0.74622753312565 0.12001085465456 0.74370613485609 0.1181597147453 0.74154415263689 0.11819652117343 0.73886897172442 0.11574530713402 0.73123206140467 0.11382123603298 0.71440832931753 0.10794845917674 0.71133391521471 0.10559778665825 0.70886436770968 0.1028204646643 0.70574836681619 0.09964349436342 0.70469772521552 0.0952941034459 0.70134848436419 0.09295601331658 0.70277076901715 0.08774184772667 0.71364614077549 0.08157974491738 0.71802531831469 0.07320589564923 0.71794586099977 0.06444620093951 0.71796833556323 0.05766452836254 0.71261620408762 0.05842299948531 0.70871394740303 0.05878929988026 0.71105395647928 0.06167172533165 0.71361164927369 0.06849758762432 0.71327805343687 0.07681633578606 0.71051476052917 0.07878692482111 0.70551689650902 0.08258516015204 0.70030474440112 0.08327016069012 0.69457744698422 0.08613645139025 0.68494116821019 0.08638906450242 0.67797316871104 0.0821757280173 0.67345064946786 0.08016207538066 0.67161534476168 0.07727976752169 0.67150474159503 0.07706727801489 0.66919924070678 0.07646379370449 0.66890547869615 0.06243936866335 0.67289073199699 0.05610501766018 0.67638154490164 0.04884509670237 0.66619739776968 0.05791426936477 0.66329763269923 0.06414645785549 0.66229177865016 0.06820360656156 0.66104221292484 0.07114459311346 0.66484607703237 0.07496634692941 0.66536617736324 0.07865430534403 0.6679204911352 0.08033152606095 0.67246903989002 0.08347571224401 0.67901531598851 0.0864585616239 0.68405634287697 0.08960686354174 0.69195411683627 0.09023786447891 0.69678951031728 0.09912843955447 0.70387503106091 0.10766141607431 0.70299551465746 0.11347786615167 0.69951141000735 0.11812184998537 0.69988639898357 0.12134127161852 0.69768479287328 0.12582389486357 0.69523947329854 0.12973586555759 0.68870344552707 0.13360983031242 0.688392356989 0.13758196144993 0.68529723789519 0.1416988722529 0.69029506933647 0.14296042694337 0.69200952304261 0.13949062734341 0.69771592244117 0.13220189624219 0.70478762346937 0.12199299252207 0.70697545910685 0.11701248307495 0.71265072893753 0.11440919815851 0.71265249858824 0.12043642163027 0.70650365372063 0.12436835944921 0.71485251163481 0.12495349934176 0.72082331298342 0.11703494322758 0.7259214995884 0.12087739321327 0.73398332016448 0.12293526060065 0.74094264837536 0.12594797845576 0.74237024298069 0.12700560470044 0.74502294939671 0.12699981911463 0.74900643314752 0.12841001099801 0.7562042926879 0.13103514422976 0.76230994141729 0.13469389148932 0.76482089874792 0.13912656120448 0.77381090109856 0.13803107019987 0.77960723324483 0.1387091081059 0.78544847781127 0.13956059483459 0.78443057474793 0.13774849560948 0.78368041983042 0.13558267837859 
0 0.80924019226624 0.14350699652145 0.80690372249132 0.14958523122922 0.79990457714044 0.15733043332225 0.79198609826834 0.16496761356118 0.79597650232303 0.17105161029763 0.80019143751348 0.16888638102885 0.80408681153226 0.16721551030272 0.80729251474274 0.15873262815471 0.81270003628422 0.15403916181002 0.8095374935782 0.16018348345902 0.80555739127323 0.16753536169093 0.80334371624562 0.1726180589529 0.81097533474469 0.17580645988668 0.81268092405702 0.1726180589529 0.81573127091078 0.16909028628883 0.81546511545055 0.16527594089202 0.81934827926526 0.16022887413397 0.8273237215315 0.15264451568349 0.83911331123646 0.15193602134013 0.83040505690857 0.14502170451098 0.8221115694236 0.14302639629219 0.81549272200094 0.13898415678128 
0 0.79003842074485 0.36812404499998 0.79445051378644 0.37079104113402 0.78930047641694 0.37315676548254 
0 0.77510701148636 0.37923557096729 0.77296235360399 0.37317169972015 0.77874309447102 0.37593629756456 0.78272480847054 0.3806411703742 0.77852702012465 0.38426254660628 0.77734153114319 0.38067503699177 0.77466459880857 0.37894158990453 
0 0.77773032339461 0.40966496281201 0.78307043968657 0.40892648238234 0.78660105129033 0.41121296587341 0.7887440982474 0.41475614314477 0.78270412198936 0.4147567148191 0.78254501196283 0.41427213273526 0.77906800233338 0.41462585074105 
0 0.87156162585651 0.35925346063619 0.86317295080233 0.35806554198778 
0 0.84096082653224 0.36072795201735 0.83977693023638 0.36546963125512 0.83404804013388 0.36812980702867 0.82876333234866 0.36510156697384 0.82749148441468 0.36305404771961 0.82996972283362 0.36186599385486 
0 0.80696072428717 0.36777030951944 0.81342577002253 0.36935853024756 0.81013370801227 0.36686545330587 0.80954775755207 0.36487473119154 0.80702989858384 0.36518305852238 0.80696072428717 0.36953419589604 
0 0.78488679068974 0.39061241980918 0.79069000612023 0.39475108510624 0.79185125088756 0.40094597149676 0.78785927291418 0.39957307996833 0.78479866208655 0.39921889159285 0.78324667845207 0.39684340707329 
0 0.79811247073139 0.3842332490343 0.79911832134934 0.37944913599101 0.7972950502677 0.37456175974222 0.80591165632771 0.37928838714995 0.7976700580536 0.38188140053218 
0 0.79762862941832 0.40511450526904 0.79944836119863 0.40134272832904 0.79899906573768 0.39480223780987 0.80508045140968 0.39223049153776 0.79710658247172 0.38878877958291 0.7901508121819 0.38746821664897 0.79227118899071 0.3904154525021 0.79280351859792 0.39479941559174 0.79545799466466 0.40215176419334 0.79492566499038 0.40656665408999 0.79058099563918 0.41032984678317 0.79830605169344 0.40851020519747 
0 0.81848413948751 0.44402113405679 0.81702913270956 0.44707971295654 0.81305768268391 0.44676973933179 
0 0.83137285922141 0.44542952298379 0.8278595717533 0.44421857173356 
0 0.90997032253286 0.42075406222822 0.90997366322249 0.42211260748115 0.90702542521219 0.4224215227741 0.89941451162591 0.41832813055956 0.8970918451262 0.41914351641465 0.89409352600203 0.41868761059403 0.88798964692331 0.41837928326319 0.89316198189121 0.42234167751947 0.88535941513776 0.42152464537047 0.88074345833939 0.4169317205467 0.86986099156605 0.4179899347535 0.86189756356702 0.41476366905979 0.85525110959396 0.41426354848845 0.85511626221318 0.41557952528457 0.84498748965868 0.41361702535155 0.8453831835477 0.41976075903844 0.83800570671298 0.41338854327534 0.83650219167812 0.41589361464409 0.83012348585089 0.4144226510356 0.81986678692363 0.41524485725117 0.8100576130317 0.41745888737514 0.80432870380657 0.41714303412928 0.79946216447383 0.41567489273892 0.79104588286926 0.41892996857605 0.7871609687612 0.42151029909497 0.7830029975553 0.4232948816933 0.78041596361983 0.42658029637534 0.7887648031602 0.42622834225589 0.78402267026931 0.42916815280928 0.79111153690898 0.42808759604228 0.79734867068289 0.4275283264826 0.79988035179184 0.42597973587123 0.80242420575934 0.42512591329837 0.80305667890753 0.42592742324765 0.80784554964275 0.42273961027597 0.81141934009691 0.42503007547433 0.81314404163643 0.43213724387578 0.81262394130556 0.43415148447454 0.81012501759946 0.43485774456188 0.80922638899104 0.43917385682394 0.81574153488465 0.44151535713351 0.81574153488465 0.43925193819224 0.81323217023962 0.43915657073789 0.81278126324981 0.43778144495344 0.81758905018042 0.42891144855176 0.82512209913737 0.41979638954235 0.82543320372453 0.42361978955566 0.82852832274015 0.42841085761073 0.82742052142296 0.43332010605004 0.82541072916107 0.43939199076701 0.82953419217897 0.44002992965709 0.83093911784306 0.43709247095215 0.83172714328483 0.43565925451116 0.83451982900156 0.43517065799719 0.83180500791416 0.43268792918864 0.83608225357497 0.4309251011884 0.83795029681847 0.426839822851 0.8309166432796 0.42620705802748 0.83559648446703 0.41736704769345 0.84412338922145 0.42275172229545 0.84943234135492 0.41917279692776 0.85172207223493 0.42012647147128 0.85556044453046 0.41926240235343 0.8612116469687 0.42211260748115 0.86144488692654 0.42014316959522 0.86395425157157 0.42015010754813 0.86499445223331 0.42269363163892 0.8787092448983 0.42534639908987 0.88262371217249 0.42462814457547 0.8845039660056 0.43179269807892 0.88483913784182 0.43421002970441 0.88213971271522 0.43674275108871 0.88428435235789 0.44043419676528 0.88215882494242 0.44419740509757 0.88163164600888 0.44797600239805 0.88535764548709 0.44419387732491 0.88880530002743 0.440676437161 0.88747983164477 0.43566501653984 0.89241377358943 0.42690473386801 0.89449098954171 0.42681630436657 0.8973321636867 0.42501678753063 0.89995549383465 0.4285658444231 0.90210190312799 0.43157915024032 0.90039790650126 0.43590843285366 0.9025218626896 0.43898029969711 0.90119462465623 0.4436174237129 0.90076086185295 0.44741732080049 0.90120504417023 0.45152447132841 0.90205872365172 0.44943908731426 0.90914759029139 0.44273665644886 0.90789998657155 0.43307774806802 0.90995472796036 0.42806454792754 0.90879173515923 0.42798586264354 0.90834062958749 0.42572998557088 0.91806503696471 0.421433981613 0.90818330764324 0.41914869048122 
