0 0.74914091004533 0.5316850092479 0.75879888278865 0.53510543225791 0.75708862410133 0.54621759131771 0.7611799999319 0.55145307163047 0.76143383351891 0.55675968383431 0.75762388934364 0.55734529619 0.75393897966176 0.55357409373078 0.75353073796195 0.54861661467635 0.74906537479107 0.54557048968403 
0 0.68069562251338 0.5764989249568 0.67681697494045 0.57272314739039 0.67769704850659 0.58144605596607 0.68076253328799 0.57801482530323 0.68675634354581 0.57911490634489 0.6837027869762 0.57763699950025 0.6798173055811 0.57502901438832 
0 0.6970113961246 0.57448586409958 0.70404811988146 0.57703750018909 0.70522155127333 0.58140243991019 
0 0.68940165841561 0.60683071617402 0.68998310421009 0.60820537650293 0.69176556054742 0.60998996548083 0.68889890981627 0.61301821636108 
0 0.69650532729433 0.6088369574633 0.69706286549553 0.60524485909996 0.69613307921452 0.60153221787631 0.69994146133665 0.60124505615491 0.70434323436325 0.60675040026259 0.69916256990079 0.61120140694434 0.69650532729433 0.60619111844004 
0 0.71099755667688 0.64058702574241 0.71706864108335 0.63799399536694 0.71194278359609 0.64113019647662 0.71143671514301 0.63911711517393 
0 0.69993970470283 0.63328910573821 0.70065324936059 0.63790556554938 0.69319282552631 0.63634263907961 
0 0.71845973733349 0.62941688135044 0.71450044243826 0.62765876043895 0.70925460686107 0.62558700973966 0.70539651200182 0.62842123242977 0.70353186275254 0.63325124084293 0.70615485082199 0.637071832296 0.70747566379138 0.63235670248739 
0 0.69299205956523 0.64176295419719 0.69914027809116 0.6411749899698 0.70610847568914 0.64268853682553 0.70315100698949 0.64524712189281 0.71634455662268 0.64700983860199 0.72066079956577 0.64469702257556 0.72549154269329 0.6432030055115 0.7276084440044 0.64387246156389 0.71941866580798 0.65142874243774 0.72051656194559 0.64819493926879 0.71447813318874 0.649443187292 0.70978985318608 0.64763801956667 0.70660421538164 0.64934099911186 0.70219381722088 0.64912627458144 0.69745055457965 0.64740718481683 0.69429757253582 0.65323402775592 0.69125771771 0.6515149288727 0.68471320274956 0.65142074612445 0.67988245974408 0.65083160598349 0.66991567077518 0.65057784062936 0.66575385392842 0.651765293153 0.66361128765795 0.64856935487933 0.66700617480694 0.6485681789509 0.67366908705518 0.6474060088884 0.68252935558432 0.6452769904748 0.67578774630926 0.64294005858043 0.68211092540836 0.64189161013185 0.68596552410703 0.6402861150531 0.68985100534681 0.64092582011634 0.69782280269275 0.64176295419719 
0 0.69518785189592 0.63147358021785 0.69950230288161 0.62799060744051 0.70214744208803 0.63172276907601 0.69482579232554 0.63093618091401 0.6960661688282 0.63029765176307 
0 0.69802356853179 0.58806065352421 0.69560977799949 0.58388517759405 0.70385945740917 0.58487048802142 0.70228129758513 0.58966839358857 0.70441876961751 0.5912060375972 0.7040379314053 0.59409188354518 0.70994426129887 0.59183655979252 0.7101295861669 0.58824446185865 0.71416949262654 0.59201448838944 0.7179571464696 0.59585695211121 0.7155521391064 0.59585812803964 0.71532570900698 0.59502898090712 0.71282110050617 0.59850279106763 0.71795890310342 0.59741764431697 0.70846043271097 0.60406775474646 0.70748253231391 0.60131855168148 0.70472916681354 0.59921022960816 0.70140298067504 0.59856829028091 0.70009569378607 0.59614516165084 0.6974607430558 0.59359470100705 0.69300398739064 0.59500028825355 0.68778906856869 0.59732568671413 0.68573046939483 0.59470971633971 0.68722817538991 0.58830877442817 0.68352782624771 0.58300793498894 0.68998661747773 0.58762780499254 0.69804062529195 0.58816285242595 
0 0.65390695607898 0.61148279648656 0.65609078694702 0.60677215493845 0.65830537520412 0.60501754184217 0.65794860287524 0.60301706269866 0.67138579761928 0.6046925255187 0.67227272203509 0.60242098457999 0.67095524666996 0.60153221787631 0.66399722010825 0.60149435298103 0.66575227295798 0.59854065596292 0.67688388581305 0.59741646838855 0.68381433322378 0.60178833508729 0.68108505125737 0.60383009961175 0.68204224102599 0.60588103637793 0.67593003364869 0.6084993586092 0.67579969141923 0.60770466617953 0.67027753734213 0.61054229906208 0.66400760080015 0.61324668916873 0.65346779761284 0.61001288591808 
0 0.64556294522237 0.62236013469329 0.65266658064136 0.61908153850645 0.65647320612968 0.62346492930376 0.64563161351832 0.62701787944729 0.64556294522237 0.62030225989742 
0 0.55817041046097 0.66792043304237 0.5623989655142 0.66366804067161 0.5616184931079 0.6570936600327 0.55739150514642 0.65239794264569 0.56132005498011 0.65082701072665 0.56653671647763 0.64939156403414 0.57531812894468 0.64906089296101 0.57794289119878 0.64498418429696 0.58064302749017 0.64700406732015 0.58182153867373 0.64709709249113 0.58846038487031 0.64915614316344 0.59681635548108 0.64734861435741 0.60208450044087 0.65058359353651 0.60859650268759 0.66082017721176 0.61483220142244 0.66652978008688 0.60394230138104 0.67053757934522 0.59848373744823 0.66262993105796 0.59416083728016 0.66266438576081 0.59254315319516 0.65999902639253 0.58839680936829 0.65620947944989 0.58373082397287 0.65560305316108 0.58313725740504 0.65759895647696 0.57616552909953 0.65644254846374 0.57052339693251 0.6600105504911 0.57089562763901 0.66903674189629 0.57618783834905 0.67383688172745 0.58583563719378 0.67469589744197 0.58276504119854 0.68086139939023 0.57354095677579 0.6773290363714 0.56922647418308 0.68469128905511 0.57224226312555 0.6876161758268 0.57132793522215 0.6896165476707 0.57257338860065 0.69121851496418 0.57749338297103 0.69673760945824 0.58268615384002 0.69963263562412 0.58029133495297 0.69972224137011 0.57881085836944 0.70651017061101 0.57661506603875 0.71053984213806 0.56739449488373 0.71203844532298 0.56263753037852 0.7078664864565 0.5591138846071 0.70359339774546 0.55914655799615 0.69880243015601 0.56133022949801 0.6893811268 0.55946380606408 0.6815320397483 0.55729385016256 0.67880470052282 0.55835572145031 0.67339590856805 
0 0.5305034270943 0.67027921922565 0.52995535732856 0.66652978008688 0.53061409502776 0.66355327005732 0.53963826110621 0.6605778094737 0.54457791540854 0.66579023870035 0.54104498691547 0.66998758896887 0.54096855989822 0.67438004306699 0.53260136168597 0.67756328131367 0.52751678509347 0.67798132386879 0.52558167727717 0.67917794863414 0.52083156376404 0.67939384067867 0.50898466225355 0.68498291930453 0.50382278113682 0.68381040107189 0.49834700219257 0.68404581364578 0.49265937320961 0.67972110997369 0.48710138380258 0.67934209982666 0.48351347121757 0.67285157130008 0.47823249097128 0.66879673490474 0.48890351443869 0.66778955220866 0.49535018489535 0.67234404059182 0.50086198726387 0.67289178805222 0.50219403025875 0.67477162723254 0.5089640970017 0.67261732635781 0.51438155570312 0.67538946002708 0.5214131852219 0.67299856235322 0.52391429346837 0.67250702427153 0.52653043520345 0.67001393841753 0.53262279261858 0.66844983601934 0.53269921942499 0.66616346963391 
0 0.51462766010133 0.66023903338409 0.50917086544319 0.65630472965232 
0 0.50934739450127 0.66611867550947 0.51249792998265 0.66229113723232 0.51600082075856 0.66617041636017 0.51908530697472 0.67117152235918 0.51372106138674 0.67304795134707 0.51120099450831 0.67402173767587 0.50754877713279 0.66892420554601 
0 0.48439178814984 0.66469355906544 0.48032007460318 0.65902747432774 0.49179229875597 0.65533094332351 0.49767280613239 0.66166766882772 0.49086936334685 0.66758976196924 0.48580867697431 0.66639772332474 0.48263515428529 0.66322364849696 
0 0.55564523546578 0.60939047716972 0.55282337889705 0.60242098457999 0.55377882579959 0.59972351193874 0.5605908623231 0.60189393345987 0.561752348605 0.60702944807786 0.56652635233809 0.61265073872824 0.56952158866487 0.61558362181322 0.56685572117937 0.61938351692601 
0 0.49624906673556 0.61001288591808 0.49924675003526 0.61153442987432 0.50053945686353 0.61478210899869 0.49863017156438 0.61735551076413 0.50247368636292 0.62230852129055 0.51042140041892 0.62360039625833 0.50666027174654 0.61685374210515 0.50765435082538 0.60880945093489 0.51292671157325 0.60942374576224 0.51900888051222 0.60859460881163 0.52092940826782 0.6111290873462 0.52478240888899 0.60970738988028 0.52872271421102 0.61092471098592 0.53328417850188 0.60896784849375 0.53841003611864 0.61037237740466 0.53970606717166 0.61679518086958 0.54149519871751 0.62176418402258 0.54668710563642 0.62466495446466 0.55016769988771 0.61648049241938 0.54801318850727 0.60859460881163 0.54140596171945 0.60653673406775 0.53892383813154 0.60613950544576 0.5387796184949 0.6035900926202 0.52733146022545 0.60289182632139 0.51695467292291 0.60232573437755 0.51682433069346 0.60153104194789 0.50691744293782 0.6041746466403 0.49632546799231 0.60800664459909 0.49888401753239 0.61118881437286 
0 0.48131767888688 0.61942031355634 0.48605056545135 0.62213166165541 0.48702673894667 0.62787807109023 0.48886908441582 0.63170901071344 0.49226395493669 0.62813066051594 0.49185748207418 0.61736243876047 0.48790681251281 0.61442379355197 0.48094455792625 0.61740725161483 0.48307431275143 0.62118420623851 
0 0.47517121699482 0.59003010917212 0.47847174449759 0.58679524766758 0.4799915840788 0.58438482958186 0.48307431275143 0.58422172830931 0.48670772216348 0.57759337255568 0.47603669869606 0.57616932323292 0.47373181946061 0.58229814459157 0.46902299846889 0.58355567161395 0.4633782197245 0.58475912759957 0.46596943027264 0.5920294120591 0.46327949690381 0.59569502676708 0.4682175702357 0.59792517502524 0.47209710773185 0.60119342250722 0.47604864380604 0.604655718959 0.48387620410874 0.61409078067759 0.48341737135491 0.60802052055451 0.48387796074256 0.60408163070188 0.48577530093173 0.59846151597991 0.49404976113714 0.59678486673024 0.5016064362459 0.59714318262256 0.50597658986373 0.59331447726336 0.51111790572862 0.59325590543744 0.51645211281176 0.59207304962501 0.52558782549554 0.59330071890079 0.53273521718307 0.59184339080359 0.54147201115109 0.59119004497062 0.55086947509887 0.59938473738644 0.55677580499244 0.5956593961358 0.55324022810258 0.58758417804797 0.54325183253769 0.58686062928802 0.53280548253587 0.58642318391389 0.52471794042779 0.58761863275082 0.51740245173248 0.58830877442817 0.50641574831878 0.58946284129987 0.50600662830206 0.59110961146634 0.49935830867582 0.59113830411991 0.50320954027019 0.59379907736733 0.49632792727966 0.59438126896867 0.49423261445896 0.59321910946809 0.49178105629952 0.59372099571991 0.48225254746875 0.59418266521959 
0 0.5572920935287 0.57326512170615 0.5542608323521 0.57410110031889 0.54861009267936 0.57473503227463 0.55941235060321 0.57537238549712 0.55867472615205 0.57528161486483 0.55987046679345 0.57302394988153 0.55641377659642 0.57326512170615 
0 0.57310179830965 0.56944335422811 0.56739273824986 0.56876814731834 0.56270268750171 0.57038504890281 0.5635158473108 0.57115563479977 0.56691070381794 0.57155980139946 0.57303661293903 0.57008871493969 0.57222348137738 0.5697373363418 
0 0.5783716999033 0.57326512170615 0.58168083230473 0.56790913160382 0.58759402769219 0.56973616041335 0.58802456401953 0.57208801732291 0.59066638032129 0.573854261862 0.58533129304644 0.57911490634489 0.58108375246925 0.58203297273171 0.57925001683558 0.57267715747876 
0 0.55685293506256 0.5503345168379 0.55024674840962 0.54796891329981 0.56028731599897 0.54655121399054 0.56071611031448 0.55293556459596 0.55465714273187 0.54974655261051 
0 0.54411733954457 0.55768406968029 0.55165856872508 0.55969033265528 0.55236349216293 0.55598568774492 0.54550085081766 0.55420109876703 0.54763060727367 0.55885999813507 
0 0.51030213765196 0.54651274935986 0.51742650476701 0.54938708298046 0.52517870547882 0.54685729639711 0.5183048216771 0.54481436770671 0.50873415363464 0.54607412804623 0.51293708844879 0.54621876724617 
0 0.50854726042128 0.56467415250644 0.51108611065647 0.56797579551654 0.51732778194632 0.5679917993721 0.51657892894878 0.56411723280432 0.51807751326077 0.56107639948992 0.52611359906679 0.55913329536032 0.52873641595482 0.56063766059452 0.53261436077624 0.56059403364995 0.53393868701327 0.55712022348944 0.53358613060556 0.55385655173848 0.52653992102608 0.55564572683723 0.51601295434562 0.55458468661929 
