0 0.46571314203354 0.85058697253644 0.46993909015511 0.84997718371942 0.46728202483939 0.8553090493827 0.46649453992286 0.84862669010845 
0 0.47479157092519 0.82046534995933 0.4766038670041 0.82478311951026 0.47335161093113 0.83051117857108 
0 0.42924764673274 0.81326279576263 0.42725445013153 0.8062726140211 0.42114907601736 0.81071573741323 
0 0.4409693964704 0.82785275991435 0.43806587105501 0.8176047894142 0.43734776641287 0.81144716414145 0.44026050511151 0.80675615529223 0.44251843239544 0.80913552642066 0.44801415989176 0.81537687771117 0.4500264156855 0.81933645983217 0.45112678763364 0.82432380233977 0.4500904903108 0.83021155231649 0.44781115272524 0.83448110885157 0.4435737956355 0.83098778187163 0.4409693964704 0.82550090548277 
0 0.39284778885464 0.46390328662814 0.39753617619055 0.45808915986792 0.40359661381281 0.45566486838109 0.39983683982355 0.45509760110652 0.39546437176475 0.45537663838646 0.38974664913369 0.46504241731921 0.39382453621629 0.46213939580446 
0 0.36588956167317 0.47801441321759 0.36644317674883 0.47267912365106 0.36707954717381 0.47067522613326 0.36686630903481 0.47124249340782 0.36808114296304 0.46658358748929 0.36999190059209 0.46861394336878 0.37096481366093 0.47353919679496 0.37143185516758 0.47600710546024 0.37015786408102 0.47943952904384 0.36549886272851 0.47595654058996 
0 0.33389576756686 0.42855316154968 0.3408840478171 0.42274465814836 0.34048951534951 0.42626786465625 0.3371296607899 0.42697071633537 
0 0.3451813407176 0.42627479165016 0.3488941575805 0.42503220036912 0.35706483951815 0.42309145014121 0.35612365085247 0.42717050636429 0.35295296764886 0.43002989090996 0.34943667723575 0.43006669743089 0.34595437762998 0.43391256729296 0.34318549427913 0.4360405251289 0.34005036974681 0.43481168121944 
0 0.32955455981988 0.47654450419785 0.3289646781711 0.46097841296412 0.32489554876527 0.45209922196746 0.32642896826261 0.44949700230753 0.32906500965755 0.44640103160186 0.32715691419983 0.44383327699834 0.32251627039219 0.44950971271099 0.32134456428676 0.44947866823327 0.32041704501557 0.45105535140437 0.31825827712129 0.45189025970649 0.31641769850466 0.45633208946647 0.31428791640617 0.45915478508394 0.30920078185586 0.4626883286854 0.30770479563455 0.4630649781631 0.30552579332546 0.46867250454264 0.30221133419205 0.47095192180014 0.29864128360552 0.47641245728143 0.2950070802539 0.48120341982296 0.29631615610481 0.48154454671938 0.29380099264221 0.49065445486009 0.29103257813008 0.49269975436496 0.28797528082557 0.49540297578033 0.28791573830791 0.49649047324201 0.28457612195312 0.49704515809569 0.28130402155238 0.49865864778771 0.27822265401536 0.49808561846993 0.275448457159 0.49829117054206 0.27500477944865 0.48853226841749 0.27842605188081 0.48655365333419 0.28088159468596 0.48011827421564 0.27587767900876 0.47889635862943 0.27970723182777 0.4721485453047 0.28168932566375 0.46389635868366 0.28504386671784 0.4697323578368 0.28615376425179 0.47042145118525 0.29008786810576 0.4721485453047 0.29185289305817 0.46978409863429 0.29439087340268 0.46865756036157 0.29529096209992 0.46594741088162 0.2936674517463 0.46358861853906 0.28966927326703 0.46101510189232 0.28657274978946 0.46166162665923 0.28402820576697 0.46375394387173 0.28128948437388 0.46185118612163 0.28248486683476 0.45773661689753 0.28341238610595 0.45308570728386 0.27968699362295 0.45473823775846 0.27563349217451 0.45655374152947 0.27185355812022 0.45887691348987 0.26590461985954 0.45797885789786 0.26720408451665 0.45473247571525 0.26904583929525 0.45574294994625 0.27373344511485 0.45273315400537 0.27581891788896 0.4518488567391 0.27862249530522 0.4501676439716 0.28256160010556 0.45002641511655 0.28522397892678 0.44770325336773 0.28755442326903 0.44744030560711 0.29001730787814 0.44596241076145 0.29166668250124 0.4427802342032 0.29321955796659 0.44097270592028 0.29556375163454 0.44097270592028 0.3004280279741 0.44189946474083 0.30099079071977 0.44809260285904 0.3051504059989 0.44566149099454 0.30508242438424 0.44245755978334 0.30724119227853 0.44120813714813 0.31174376308261 0.43984841254286 0.31239779309945 0.44180303871157 0.31622726777868 0.43855536300905 0.32053448911537 0.43779053996722 0.32211791375828 0.44157326253941 0.32603826931795 0.43691435662087 0.33400406931158 0.43706369937351 0.33772602364396 0.43418926295985 0.33792559265985 0.44036064642512 0.33620214151871 0.44690515158654 0.33486298184982 0.45532502542431 0.3360339111181 0.46091290371839 0.33694884532288 0.46384591140737 0.33635670201731 0.46573151065026 0.33496714218584 0.46734382441509 0.33482899557277 0.47236326960888 0.33096013391064 0.4777399614818 0.32802496909314 0.48354727789026 0.32994525876454 0.47301672255049 
0 0.3232106205391 0.49371493230471 0.32036320670236 0.49954059317727 0.3184295595343 0.50426723250172 0.31606629981754 0.50828760995822 0.31819029550663 0.51531224618971 0.32134988198204 0.50734710339479 0.32526147738759 0.5055005359594 0.32779070601184 0.4994820320034 0.33268015137715 0.50037891166823 0.33673896185511 0.49646977692354 0.33912136581966 0.49653644279346 0.34052811640427 0.49912948903302 0.34302226026417 0.50008951598773 0.3447475867602 0.49586923090961 0.34771744564311 0.4994820320034 0.35082475241127 0.49592661615629 0.3545787440563 0.49854834581766 0.36145371693221 0.49739429087724 0.35943810112763 0.49027440454367 0.35475464175038 0.48859775815967 0.35281067509681 0.48682011843456 0.34981370170783 0.4883623469391 0.34474829001828 0.48683386733599 0.33933195254552 0.48829120334435 0.33702135904517 0.48765032302793 0.33404032617273 0.48954168431402 0.33179685474939 0.48987128733437 0.33032563884054 0.4914089390928 0.32804481659903 0.49105639612241 
0 0.56729486764489 0.71555171080665 0.57082716631146 0.71467094132202 0.57318964463034 0.7117815743241 0.57801313553946 0.71726280612386 0.57396651039227 0.7205137744225 0.57546523150613 0.72146698099953 0.57575286406192 0.72674489498882 0.57260820647559 0.72761190610312 0.57057688457383 0.72407953497554 0.57136820619635 0.7191886220765 0.56826168082606 0.71850646671586 0.56807626553421 0.7152577290027 
0 0.55967623822404 0.72290125590532 0.55677497586368 0.72609143225152 0.55713747648164 0.71554595243218 0.55869949086239 0.7196674560619 0.55948088875171 0.724665146729 
0 0.58503806951763 0.83847055952386 0.58432387184679 0.83838330572444 0.58271293116582 0.83821561850347 0.58356152925219 0.84189732902338 0.58490992026378 0.84434560948665 
0 0.56631812028324 0.82197194790819 0.56451644083717 0.8158500708228 0.56177779758387 0.81169869497291 0.56421278962505 0.80584775151804 0.56791520901069 0.80573756713792 0.56962990849569 0.81050783348148 0.57509969358274 0.81891735937246 0.58039319531041 0.82225217136372 0.58092579609831 0.82733029545237 0.5819460780696 0.83314325645817 0.5819460780696 0.83645055175258 0.58095556735714 0.83931922619549 0.57999336474419 0.84401940727699 0.57670524242594 0.83632766735853 0.57609394423199 0.83402755372445 0.57436635168214 0.83226942494412 0.57260290350702 0.82750821324012 0.57096453605693 0.82350394588492 
0 0.56029126627679 0.78428371582765 0.55830801051984 0.77991879159537 0.55362118597971 0.7720019792078 0.55132042803509 0.76897596570341 0.55303895636966 0.7661372774045 0.55635529719444 0.76376472665393 0.55945267008315 0.76674699566589 0.55951448886095 0.76753710116218 0.56386100430417 0.77522307903729 0.56763671880997 0.77756235104765 0.57140711981026 0.78143808955817 0.57314541751092 0.78442388635177 0.5762473432628 0.78534369661996 0.57647096870406 0.7845776976316 0.57768807402571 0.7883994610829 0.57842594803396 0.78428489175486 0.57956296007398 0.77817783135239 0.57843056896556 0.77323646759894 0.57965985340981 0.76624640345013 0.57989106903942 0.75977186579272 0.58140807486342 0.75382790649509 0.58329827630993 0.74871426940451 0.58429027173755 0.74035531142596 0.58858717873091 0.74119468825138 0.5905414548521 0.75721669354554 0.58994469030898 0.76732355277979 0.58624070812761 0.77759562978786 0.58535780667477 0.78738663497195 0.5836950701481 0.79046650594282 0.58448562120988 0.79436870281569 0.58462829362373 0.80142426611041 0.58662835961071 0.80668724595739 0.58765542897048 0.81227054837795 0.59092753254934 0.81285274994248 0.59350529704628 0.8154549592783 0.59502377646124 0.81593156257886 0.59596770508769 0.81889548712625 0.59618141740502 0.83192370234268 0.59190890115841 0.8293238448613 0.58991726324376 0.82734522972801 0.58917860783765 0.82172394485838 0.58638643883029 0.81513110892307 0.58254203945175 0.8122866585808 0.57915702388073 0.80875193896287 0.57593524232468 0.80398284854652 0.57022432833194 0.79293548272508 0.56753904407627 0.78786547253422 
0 0.50908072489069 0.77933082798748 0.51264053023289 0.77983835817381 0.51454518753998 0.78141057286132 0.51635217011338 0.77947088091888 0.51943955123587 0.77904484248859 0.52036292909835 0.78635076068756 0.52237901374165 0.79219946988072 0.52221796764073 0.7975278312809 0.51940602926727 0.79025871960379 0.51653760494846 0.78870955308971 0.51448947387188 0.78679867136405 0.51160955388376 0.78706278461672 0.50614055019459 0.78168385834627 0.50462581042441 0.78159307676521 0.50420690302653 0.77870840971216 0.50280663804424 0.7771730015465 0.50263419230382 0.77294589598391 0.50478990397702 0.7750095306549 0.50744923534656 0.77670110195481 
0 0.46829159088689 0.73283690336903 0.46569938159435 0.73050233512651 0.46879981206126 0.73588008533389 0.46750558276988 0.74402314296257 0.47236415844334 0.7460603192712 0.47450464968626 0.74730174563291 0.47797209467373 0.74612817027155 0.48320300643205 0.74929306078012 0.48701083639029 0.75347418758858 0.49042406888534 0.75818024830616 0.49130392290871 0.76816528148085 0.49400521541208 0.77442156704701 0.49623117497174 0.77898628131325 0.50025490516135 0.77901391560282 0.50084704846691 0.77497966210362 0.49790383525136 0.76786553763355 0.49536882428288 0.75758076061155 0.4946820536953 0.75307919363679 0.49248132473542 0.75149792430972 0.49032255684114 0.74827094484416 0.48836906216719 0.74466966774581 0.48719087045944 0.74025418168796 0.48636297941663 0.73702038192623 0.48700545311957 0.73319179497067 0.48544422013671 0.73023363576449 0.47856345658143 0.71884289948379 0.47585224039335 0.71944814920647 0.47646118375312 0.72465139181944 0.47768360258029 0.72935274870939 0.47838185971654 0.73374989323631 0.47785840942721 0.73382221275825 0.47427795810552 0.73808153861895 0.47256107070648 0.73451013016211 
0 0.41526335284434 0.72480873087694 0.41158757912606 0.7273040483658 0.40890535279894 0.72722255661181 0.40750360316071 0.72436540632779 0.40243061191183 0.72496030446016 0.40009095041074 0.73373378303386 0.40354847970405 0.734573277452 0.4067565086576 0.73821818135798 0.4131588139622 0.73688950123042 0.41482382309382 0.74140717829391 0.41708182196642 0.74519224980051 0.42024937451033 0.74766122658277 0.42161299193253 0.75459272955623 0.42820604334628 0.75817907237894 0.4307211999197 0.75028519057208 0.42839146217155 0.74963866578884 0.42547193213156 0.75054812789753 0.42429373360369 0.74252454430612 0.42210136560102 0.73552871829069 0.41862015995226 0.73203656732619 0.42351843740826 0.72731098296452 0.42796263102072 0.73143366945788 0.43109814625198 0.7369538244475 0.43465179453526 0.74200889723465 0.43813455592775 0.73774616107742 0.43489066081198 0.73465253494434 0.43292872704104 0.73021752556204 0.42996418859724 0.72433436185007 0.42958723533137 0.71996943772806 0.42963685409608 0.71420586581092 0.43193221033797 0.70405655586057 0.43736230041324 0.7008388663013 0.43546757393171 0.70050807393508 0.43507687498705 0.69992011032719 0.43747372774944 0.69549439483328 0.4410891775522 0.6929806152876 0.4436767765973 0.69579637293467 0.44422930303088 0.69776816352229 0.44519151636748 0.69967669339352 0.45083680341604 0.70527728587244 0.45282085825769 0.70909787330002 0.45376782682483 0.70531973684386 0.45106723764778 0.70205148241559 0.45047588319184 0.69495805444371 0.44558752880778 0.68932877341122 0.44455741199632 0.68446196356619 0.44695959268991 0.68028883316822 0.45279107948785 0.68649114351849 0.45648365326033 0.69556789028241 0.46337198803981 0.69944821481104 0.46180537118906 0.69436432880746 0.45985265786366 0.69439078716914 0.45888582659099 0.69201823647851 0.45633174951449 0.68798292474675 0.45360607746582 0.68053001583409 0.44888026870186 0.67503384975906 0.44598362672615 0.67174724609135 0.44462070522376 0.66500977605404 0.44290147363111 0.65838836525465 0.44035661704947 0.65281646946884 0.43854963447607 0.64639367277119 0.43430539380767 0.64506158245479 0.43010608351677 0.64537049852658 0.42824956031843 0.64410155550008 0.42589161410719 0.64533486793284 0.42468591719444 0.64766943617537 0.42366416134017 0.64536238462899 0.41983578061796 0.64503971020913 0.41883005007235 0.65286703433784 0.42447150161902 0.6521022060244 0.42155501221061 0.6567702894466 0.41930997799152 0.65680133392432 0.41880941451627 0.66172317716166 0.41941531709145 0.67093080462139 0.42177091244197 0.67701023058071 0.42816712284319 0.68082282170342 0.4293491434005 0.67914159860548 0.43250833498721 0.67879705193996 0.43481361498204 0.67893839838773 0.43409168149034 0.68349970234982 0.4329325558906 0.69349614176597 0.43167809975078 0.69786118348071 0.42992526804974 0.69964800483996 0.42515749080873 0.70640382411671 0.42564359842339 0.7062293165223 0.42474241226041 0.71267504380008 0.42234555917639 0.71409897402971 
0 0.47528526617769 0.5659149725977 0.4723847873471 0.55763986284541 0.46883873359082 0.5544554520255 0.46498518394156 0.55002502875923 0.46395881783986 0.54678323269264 0.46161080311462 0.54563717405708 0.45745961919943 0.54364585896017 0.45316114951888 0.54011807740193 0.44886955613959 0.53569341617886 0.44363865166031 0.53741368005938 0.43854963447607 0.53709900194439 0.43874959419089 0.54276273764343 0.4428961601256 0.54732756938707 0.44754485970901 0.54799008676371 0.44969448530252 0.54970117841218 0.45202874772629 0.54768810075299 0.45473465040885 0.54773173556093 0.4565263957238 0.54947387168711 0.45868056102968 0.54804758960311 0.46087745348097 0.54938650029718 0.46275773117454 0.55527072234361 0.45902702518602 0.5518670011035 0.45007986329978 0.55001809078883 0.44774099057923 0.55041437825054 0.44558221530227 0.54945999574631 0.44191027043355 0.55499861279276 0.45203335797372 0.55392828386798 0.45771372978662 0.55591160266003 0.46005714199749 0.55656494780462 0.4618496687103 0.55880085575623 0.46547355761004 0.56275467573399 0.46644647609745 0.56631114991557 0.46810538377457 0.56856881252013 0.46688602026541 0.57767189290114 0.46775359845368 0.58095167856772 0.46750488739375 0.58561175346214 0.46749112690929 0.58853782003056 0.46609922288421 0.59112509502538 0.46630379284647 0.596777306638 0.46375886591236 0.59737220154723 0.45981147050729 0.60245480068511 0.46068210401358 0.60442541298752 0.46023264395899 0.60649140593677 0.45878893325516 0.60781538235558 0.45732303085183 0.61040042308875 0.45399139229588 0.61001341911694 0.45180901864537 0.61587001320936 0.44797524627785 0.61906829997007 0.45438209124054 0.6200064485967 0.46102475469764 0.62198624568961 0.46336894836559 0.62500531519102 0.46554755598829 0.62760058655626 0.47114932714953 0.63299562878385 0.47411699014438 0.63861573758429 0.47453363148844 0.63445871738878 0.47803085579353 0.63910727514807 0.48061235993525 0.63919570487247 0.48049710374949 0.63537511744489 0.48150213768934 0.62976876699253 0.47958217317105 0.62707236595485 0.47844515294398 0.6261146908545 0.4783719359636 0.62359397333842 0.47629630880264 0.62114216515544 0.4742642836428 0.61794975189629 0.47273579127012 0.61647984287656 0.47102648343041 0.61642011194701 0.47256411815817 0.60771201835593 0.47294567473788 0.59756964637598 0.47740511237957 0.5918140707637 0.47662832475742 0.59213215906754 0.47685797759129 0.58472405298067 0.48072073981976 0.58234350598516 0.48228806766656 0.57392598400176 0.4795264513159 0.57240209996132 0.48056883607392 0.5685528199104 0.47880537736185 0.56083121163572 0.47508991670536 0.56620895440164 
0 0.52661715950667 0.55598509810916 0.52333208472318 0.55388924308541 0.52021180675038 0.55121705832757 0.51552263813504 0.552105831915 0.51200103421642 0.54998939031429 0.50829548923931 0.55063368867074 0.50361015826758 0.54919364823867 0.5021915997811 0.55064050904842 0.49928730017945 0.55163158048085 0.4985356735687 0.55563361347324 0.49540704322552 0.55539595858893 0.49399528310773 0.55245731655092 0.49130314151082 0.55269955755125 0.48934580950417 0.54915107967453 0.48700623451746 0.54768810075299 0.48114113187359 0.54798785250206 0.47977830404127 0.54561647773861 0.478168225539 0.54835415382052 0.47996294016584 0.55555447357362 0.48011632856764 0.56100454330295 0.48130217797451 0.56419471616606 0.48133194923335 0.56967818222748 0.48305500967555 0.57385365723148 0.48485277175409 0.58070014774262 0.49024019750569 0.57966662533877 0.49815028813943 0.58443007118415 0.50305918583569 0.58761800978561 0.5071272301674 0.58413385512597 0.50794675137012 0.58031315010568 0.50769951708418 0.57681523709796 0.51006738704836 0.57649714161257 0.51201096697564 0.57502147776831 0.51477562177172 0.57154661293344 0.52507038242384 0.57547973659273 0.52895291401841 0.57951857610604 0.53040811127093 0.5858529430793 0.53236160594488 0.58791199158213 0.53598479158654 0.58854464040824 0.53759259584298 0.58972985057182 0.54010697790771 0.59036027198355 0.53961321259392 0.59790737266382 0.53798860828328 0.60089880726737 0.53858231438459 0.60324948577173 0.53624421567924 0.60882715010649 0.53663335181829 0.61236292169408 0.53583976414194 0.61501110978404 0.53762080430607 0.62386384862762 0.53917828653972 0.62734224124405 0.53809168432741 0.62998231536952 0.53659068749461 0.63759491519405 0.53271801104256 0.64117313848088 0.52982667311618 0.6396389118289 0.52681399363002 0.63801401564317 0.5231420487613 0.63670485590691 0.51826215009018 0.62993751254373 0.51606906966523 0.62647640013797 0.51438945494458 0.62269133163038 0.51536620228155 0.6391302057282 0.51747464815303 0.64130520065158 0.51943424692416 0.64439436136941 0.52373193531541 0.64734793229098 0.52651565592341 0.65259598312145 0.52744357528967 0.65559436226052 0.52741840488214 0.65968717683168 0.52645994225531 0.66145905888043 0.52704677205537 0.66347554385436 0.52701090589315 0.66720887748473 0.52920172054063 0.67438050461448 0.53115443386604 0.67674035529151 0.53405645792399 0.67830445604171 0.53935833030599 0.67732714295736 0.5371774487969 0.67228476718344 0.53197090701009 0.6702268946078 0.53285990336631 0.66461243025786 0.53666851472242 0.66904285352414 0.54136143404753 0.66947124379803 0.54479536512518 0.67296915680574 0.54849778451081 0.67702634078316 0.54986523078258 0.6803462184149 0.55205760880319 0.68083999024034 0.55406375967561 0.68051848719391 0.55381575405415 0.67532900748277 0.55400726460964 0.67120526602662 0.55591043726078 0.66976981171057 0.55513661895054 0.66329409828954 0.55479780483429 0.65945751825224 0.55316179211475 0.65682544043163 0.55186685956529 0.65439656282878 0.5491227465269 0.65390161507616 0.55279547279349 0.64881784131071 0.5561164137392 0.6441945713405 0.55439718214656 0.63622718861127 0.54931887739217 0.63707809519577 0.54863210680459 0.6331507335797 0.54620703851636 0.6352797497501 0.54501665700184 0.63264884209363 0.54701212263186 0.63059096946601 0.55167682360341 0.63000994965839 0.55557849944578 0.63265460989989 0.55810882202705 0.6255863467698 0.56305671147701 0.6253797363632 0.56455997503227 0.62118355173971 0.56295364509801 0.61906018607248 0.55854226342531 0.6111445498121 0.55998909972062 0.60741697182448 0.55933514784357 0.60524997960643 0.55851327356435 0.60001686185553 0.55577384891318 0.60090339994852 0.55479328281369 0.5966199675805 0.55557311790723 0.59147763799577 0.55498785088813 0.58561175346214 0.55362422337397 0.5818760749287 0.55162110993531 0.57990098762696 0.54984850886817 0.57849187407987 0.55084580696911 0.57238374821174 0.54869313397821 0.56950826074909 0.5461918012579 0.57355051045124 0.54693498877166 0.57728607834327 0.54408257398855 0.58113653432137 0.54930364013371 0.59114461541667 0.54327218625801 0.58120202640293 0.54125922720619 0.57451512352199 0.53940872077145 0.57291080606202 0.53843580228404 0.56967242018427 0.53077443059219 0.55786258345446 0.52735808096661 0.55646158380496 0.53115981602146 0.5712777959787 0.5270429432058 0.56945887180727 0.52295967049854 0.56656150481349 0.51517546306158 0.56109991099774 0.51705034910985 0.55975512066773 0.51845749956251 0.55679578231124 0.52025986271936 0.55819101991753 0.52256670550993 0.5591362301897 0.52514742825378 0.56120433333186 
0 0.56983441078517 0.6455840414673 0.56544513220516 0.64765567782729 0.56496136878411 0.63654293073339 0.56713763999067 0.63418425598355 0.56729868609159 0.63001794596326 0.56357938851197 0.62527178624752 0.56284909406306 0.62699546031688 0.56183421451005 0.62762128876531 0.55894827775834 0.63034861668799 0.55904743714799 0.63846192630835 0.56181592979991 0.64608699096106 0.56450729848209 0.65446782401626 0.57155824215823 0.65996622435293 0.57183751375682 0.66702637358545 0.57377037952701 0.67229958386599 0.57670062153793 0.6755196205996 0.57886399967964 0.68086185794092 0.58308457479434 0.68322065482856 0.58072896197497 0.67006602776875 0.57960648393532 0.66569992771955 0.57803908862301 0.66339287617317 0.57685705739142 0.65995470026651 0.57688073374687 0.65763847135633 0.57607722231758 0.65617997399919 0.58096470971222 0.65143616613782 0.58198037066309 0.65995352433932 0.58795384481687 0.67086647660673 0.58954945926655 0.67288190300854 0.59225684660507 0.67418635903606 0.59504284256926 0.66849510664086 0.59350598923937 0.66675073135147 0.59268951764983 0.66387747576656 0.5901896585411 0.66291980066621 0.58956470749045 0.6594011862528 0.58798736678548 0.65291171957092 0.58895114291782 0.64792790497087 0.59161587694991 0.64582064345341 0.59445835696282 0.64500984165861 0.5975930907962 0.64087457611603 0.59991360804949 0.63941042358441 0.60582222618009 0.63497882998318 0.61184367816306 0.63529467832916 0.61550265182715 0.63859398293135 0.62012696441931 0.64055072576899 0.62336929673934 0.63794051456468 0.62620874031782 0.63677153097836 0.62335938480557 0.63176924853623 0.62124108150176 0.63172209964133 0.62118232038197 0.62829074411234 0.61792467266369 0.62612844920258 0.61516079025921 0.61975845163558 0.61027175155738 0.62001456857671 0.60127574081574 0.61671068355469 0.60089957588132 0.62058183585127 0.59853092451927 0.62414630633772 0.59390661192711 0.62551978929106 0.59170517970914 0.62440124735166 0.58976465623983 0.62264888065897 0.58740592863072 0.62707013169319 0.58546767121524 0.62942198606535 0.58314793535982 0.63125937229361 0.58281826359864 0.63500528834487 0.57767588421895 0.6363407888501 0.57339343319473 0.64241574628611 0.56944371184051 0.64617200507519 
0 0.63993508785397 0.38624788751051 0.64019912219411 0.38397070451467 0.64158180572432 0.3894593446557 0.6420397048759 0.3919650103038 0.63941242304372 0.39340446277228 0.63609756477669 0.39594869883209 0.63641957883874 0.38810197190481 0.63531077526181 0.38382535991447 
0 0.64626026918885 0.41032511423824 0.6436879074022 0.39792272779936 0.63956118897338 0.39661474399028 0.6395802550814 0.40250131789109 0.63903773054055 0.40944893089189 0.64077986935002 0.40897232760337 0.64427247114843 0.414197442462 0.64255784980321 0.41885176226451 0.64187482992542 0.42310638441647 0.64347653927848 0.42892404898417 0.64562163271004 0.42592225965626 0.64825650632626 0.42417212722522 
0 0.59859273309075 0.40687882443399 0.59893764211039 0.40393099862298 0.60226242319187 0.4010555154158 0.60656846114554 0.39340740259025 0.60348865958238 0.39535955931186 0.59949393047002 0.39014079446003 0.60502098080463 0.38538146435981 0.60284463145828 0.38010472629771 0.6057787136938 0.38217634513091 0.60580847357759 0.38601881689466 0.60789777520127 0.38782856883404 0.60933921985128 0.39033435207486 0.61148806399262 0.39187656873394 0.6143298517647 0.3881214922961 0.61205887513634 0.38632773296645 0.61183914605542 0.38187379115645 0.60891343615214 0.37687892284085 0.60499269420175 0.37718442872379 0.60230593576699 0.37512655614815 0.59930239863591 0.36723443843149 0.59426832100093 0.36804287592436 0.59190968255629 0.37012886560731 0.58990733949082 0.3695076232749 0.58898857187577 0.37123129734426 0.58761199416505 0.37159182426161 0.58463368526903 0.37276035546432 0.58158513962066 0.37552037416277 0.58029395778097 0.3785842524461 0.57651441442561 0.36959605299929 0.57901121503827 0.36863826030623 0.58239474595333 0.36654534510044 0.58819726118414 0.3618927765858 0.59209353445032 0.36189395251301 0.59675676065639 0.35957480151951 0.60249206473952 0.36066453324285 0.60714537860222 0.36218675838974 0.61031221647848 0.36652065062954 0.61280518824158 0.36753700449647 0.61354001479813 0.37100503658093 0.61516079025921 0.37334831905736 0.61729971064761 0.37334373294133 0.62042992411851 0.37829485676561 0.62120138648998 0.3719880064885 0.62058634822684 0.36423547132882 0.61805213034132 0.35777585540332 0.61451598073723 0.3546063915656 0.61122863989992 0.35193245073717 0.60187094284932 0.34895757721213 0.59718793600083 0.34866241948097 0.59162657108346 0.35365095072691 0.58726402677761 0.36108081146673 0.58507166962687 0.36130363705069 0.5830006418614 0.36305954414274 0.57992772732149 0.36594185926855 0.57725769073369 0.36866013255189 0.57593524232468 0.36266737242619 0.57823287529956 0.35916428533885 0.58029552057671 0.35502666794191 0.58381259238768 0.35247561150442 0.58663906476152 0.35130590386206 0.59247126218048 0.34504857298985 0.59698798743897 0.34190201391741 0.59943515813395 0.34247164615427 0.60172059062289 0.34243883778578 0.60734150947244 0.34219481979414 0.61124849891903 0.34541369838113 0.6137445066206 0.34676072297279 0.61553625193554 0.34888985673591 0.619115132318 0.35101309798533 0.62080076380225 0.35203863696207 0.62125553736235 0.35417459110287 0.62434682547418 0.3577597579078 0.62452842233907 0.36036196717787 0.62589892794585 0.36101083117396 0.62433463566742 0.3710078711789 0.62552962742937 0.37646499647135 0.62824468440958 0.37513690430739 0.63019355689352 0.37607505901644 0.63430808551557 0.3798026306036 0.63058425582831 0.38312544805331 0.62518776586142 0.38586430006241 0.62941137762607 0.39569152355649 0.63098261246222 0.39832348378438 0.63152208955137 0.40164347900884 0.63256064545983 0.40422380449971 0.63174189677209 0.40599004717782 0.63254159140294 0.40797325986608 0.6344660841648 0.41363934741949 0.62671086658881 0.41623344279199 0.62841407952513 0.41887927896067 0.62434221522675 0.41391839494075 0.62219798133284 0.41126797265604 0.61910598996292 0.41092107413615 0.61734784475637 0.40827523796746 0.61765001131254 0.40385175267158 0.61651221787465 0.40041933880813 0.61323628544623 0.40093956899525 0.61281051329977 0.40006444398337 0.61081965625498 0.4009051143287 0.60851890836779 0.40435704858344 0.60671192579439 0.40775158614707 0.60472029890441 0.40977619142778 0.60071485342496 0.41399871076756 0.6032345489952 0.41621274647351 0.60715075883795 0.41771252400664 0.60836176925622 0.42152511512935 0.6101092207964 0.42329135776284 0.61121489880979 0.42786524414582 0.60737205071461 0.43063855082148 0.60986119362816 0.4310520068201 0.60975898678681 0.43330625923582 0.6126594575389 0.43163185651556 0.61553547053767 0.43188914938387 0.61790865400737 0.43183058821001 0.61655191288642 0.43476923024802 0.61632758519959 0.43803288788082 0.61221452959196 0.44774688026633 0.60965592040782 0.44131150114779 0.60499809720237 0.44515396082102 0.6026431870875 0.44802826921501 0.60070875852157 0.44566266692172 0.59605545606845 0.4400160997596 0.59508253758104 0.43621843218686 0.59248040453555 0.43445231787138 0.58976535949792 0.43449594476998 0.58898857187577 0.43236916286123 0.5872205138225 0.43304896636751 0.58510221143163 0.42753104563954 0.58737615737189 0.42531818586077 0.58817208924185 0.4207178411161 0.58604309260639 0.42008848488611 0.58409492226522 0.42308345383634 0.57792155570914 0.41230608117591 0.57878992316161 0.40858414261585 0.57749655340788 0.40232210658793 0.57819629520009 0.39825234018962 0.57918140349427 0.3975494885105 0.57958733968751 0.39523561658645 0.58218564388343 0.39834416842077 0.58641621008912 0.40133679719871 0.58878330960113 0.40393099862298 0.58902217198416 0.40798125617094 0.58951585915816 0.41223364406125 0.59154718105992 0.41014943071664 
0 0.57358034356513 0.44680072925241 0.57632898871116 0.4491249493357 0.57704857800925 0.45480244338282 0.57862895520047 0.45603234562674 0.57960796859127 0.45860362801183 0.5817598601843 0.46242644970106 0.58189340108021 0.4661115703168 0.58287397726674 0.46859900909351 0.58560965120814 0.47302367031658 0.58839182925858 0.47367019508349 0.58665813086954 0.47893199887033 0.58660468325526 0.48237817108186 0.58257634281822 0.47602886983333 0.58039319531041 0.47249426789741 0.57762399940041 0.46861394336878 0.57588492030188 0.46441894072515 0.57338960434516 0.46001497582056 0.56630818615211 0.44501614215482 0.56325049814867 0.43578899430379 0.55907564561108 0.42885290538941 0.55927177647635 0.42127017411541 0.5623683780937 0.41962222975683 0.56373504296759 0.42164917544748 0.56550772217452 0.42310073996598 0.5668606344459 0.42575798262837 0.56902323118975 0.42716474432108 0.56943299623256 0.43331425554069 0.57197332070655 0.43779053996722 0.57240293325525 0.43006093538767 0.57397948159691 0.42252194860499 0.57592766276534 0.42063517343492 0.57672578254933 0.41661703024008 0.58077398123562 0.41980601603611 0.57989950813641 0.43158717128249 0.57798563033445 0.43219688952847 0.57686699178903 0.43531932898567 0.57414505980547 0.43901361117878 0.57433884647713 0.44234266112668 
0 0.57573840820133 0.58686812101905 0.58230246286494 0.58037171127954 0.58351347328321 0.58761800978561 0.58194145704919 0.5894265857978 0.58038328229096 0.59265932722506 0.57732254675851 0.59642711552198 
0 0.59758699589282 0.52004688181903 0.59631566155902 0.52427057708599 0.59683990138972 0.5288812699899 0.59350451564839 0.52647084599854 0.59190811976052 0.52534548365303 0.5905659016153 0.52476329057696 0.59029647562987 0.52328068158075 0.5885635695745 0.52177290774276 0.58785538868531 0.51939236074725 0.58429557441087 0.51858967285003 0.58039467996636 0.52156394548179 0.57748585891737 0.52097939207759 0.57706234126136 0.52746886384669 0.58176064158217 0.52561536741599 0.5833143057738 0.53291434746 0.58469088359309 0.53560498645447 0.58540969149331 0.53863899618728 0.58736701501682 0.54005257825767 0.58804612790527 0.54358612185912 0.59132285274142 0.54839895664631 0.59464379377102 0.55296602265161 0.59596317298005 0.56149608086673 0.5974313414372 0.56443013678872 0.59794948636452 0.56857457456334 0.60086902322462 0.57499055088332 0.59566936738109 0.57142713873134 0.59385777456026 0.56357112197929 0.59092143764596 0.55546369199485 0.58956470749045 0.55498485444468 0.58878252820324 0.55297859729682 0.58716783669986 0.54924868163097 0.58702054320145 0.549486454108 0.58217502765117 0.54527193107309 0.58120741189051 0.54228966213647 0.57999258334631 0.54180846467406 0.57768729262785 0.53992052163467 0.57692042875864 0.53644330494543 0.57583225408547 0.5351192109339 0.57569949458742 0.53327606266244 0.56866309534908 0.53233449776454 0.56771001393013 0.52669827876166 0.56768634798744 0.5232083620588 0.56959935583899 0.52122280900511 0.57202520552509 0.51646630113013 0.57608559389972 0.51329222969121 0.57920125100015 0.51165240800847 0.58112044230762 0.51214382797953 0.58120741189051 0.50873786358447 0.58115091682454 0.50598749638224 0.58313269810136 0.50500794903624 0.58334634308726 0.50621833088887 0.58604379586448 0.50472537373342 0.58834985725718 0.50630099857005 0.59227442805713 0.51007913502621 0.5912632992139 0.51601850805767 0.59478646592825 0.51836918650264 
0 0.55143724701659 0.53921319330881 0.55469404528174 0.54225403154273 0.55617134600943 0.54679699104071 0.56080480095667 0.55291428185543 0.56494073988035 0.56172573944617 0.56902479398549 0.56851483746229 0.56685993118782 0.57063244713898 0.56494535012778 0.56926590215604 0.56127332711927 0.56763406799991 0.56123903400267 0.5659149725977 0.55928553927938 0.56062330012665 0.55913901697831 0.56619285164065 0.55889562173261 0.57326216584194 0.55621338521482 0.56878130256265 0.55167682360341 0.55527425012517 0.54986069867493 0.55189804558122 0.54869243072013 0.54797515248845 0.5460552129103 0.54479649572937 0.54524404378189 0.54108845251588 0.54111725695484 0.53468059009349 0.53783600127935 0.53059353756555 0.53751015836774 0.52639735899474 0.53608777982575 0.52380902566545 0.53286068476418 0.51708530920088 0.52845086588721 0.5144830999308 0.52842867418771 0.51211630247542 0.52754281282161 0.51036159273631 0.52582279043246 0.50719329211885 0.52761375434953 0.49923273543995 0.52718484505892 0.49738041493644 0.52705209494712 0.49446482107127 0.52607691038125 0.49180287470014 0.52039723246483 0.49625622854655 0.51806680061785 0.50037197369783 0.51473592675995 0.50035820624476 0.512849554163 0.50337611488011 0.50989266648473 0.50422935863914 0.50325078459331 0.50473807374703 0.50765982207241 0.49981963157993 0.5125329407657 0.49596342267721 0.51523579606485 0.49181545712103 0.51778900451596 0.49006649125219 0.51862846024725 0.48798910765024 0.52000575213217 0.48741843018684 0.52177844059211 0.48353575380383 0.52486049895607 0.47733802956959 0.52781441732244 0.4775011306703 0.52748404230318 0.48095540718427 0.52861949154747 0.4839456820209 0.52939863280874 0.48756189330354 0.530587442082 0.48920866173493 0.53036005530195 0.4924023623796 0.53140853496335 0.49615980251729 0.53114606341896 0.5058323915864 0.53685011158731 0.51060159947499 0.5385541059215 0.51030184678146 0.53960485163672 0.5085781815659 0.54106997264218 0.50598749638224 0.54404749903979 0.5071335550178 0.54635276921904 0.5030626126923 0.54403529941744 0.49921556690304 0.54254267320697 0.49563263435977 0.54087384177691 0.49305229733535 0.53761314660695 0.49154452349736 0.53913859152794 0.48809023738824 0.53724995287717 0.48677531560877 0.53737208536419 0.48281454811243 0.54108825735233 0.47650429719466 0.53975059204643 0.46654912286366 0.53861357029937 0.46178110086133 0.53858309578246 0.4550746705264 0.53525755418285 0.44801452129388 0.53051422510162 0.44592100764432 0.52991598689267 0.44047541691848 0.52558086965204 0.43712343647456 0.52356712920235 0.4313161200661 0.52962671340135 0.43285834857064 0.53216172436984 0.43593022315884 0.53423727339101 0.43522290295641 0.53625031058262 0.43358754101873 0.53704624245257 0.44003914793245 0.54250000888329 0.44531012395134 0.54502424640143 0.45296740900894 0.54461978502388 0.45801672275325 0.54546377286282 0.46262177120666 0.54574921750457 0.46591871825828 0.54674346815382 0.46749763569103 0.54603231795272 0.47385269898277 0.55006440909953 0.47514116240056 0.55028038747068 0.47920410842119 0.55300004275575 0.48100479612733 0.55417213956012 0.4839446141668 0.55591496936843 0.48859200551854 0.55689406089901 0.49121949722312 0.55893374375797 0.49337497175521 0.56143360207711 0.50734486913313 0.55971592302541 0.51504919127818 0.56050036834668 0.52130782854066 0.55595388298233 0.51783402204026 0.55240938410614 0.51539491387089 0.54994688685995 0.51568889566741 0.54904648209483 0.51747348276501 0.54746227605405 0.51864364790787 0.54527834714837 0.52727707012264 0.54446413056826 0.53183261204152 0.54585986344291 0.53261577954745 0.54662672731211 0.53453242326805 
0 0.48837289942588 0.46037785683521 0.49146645366969 0.46600937227161 0.49338180764033 0.469234009774 0.49266143694436 0.47450275153123 0.49333984657473 0.47890330624699 0.4950193831556 0.48154101893773 0.49643566679421 0.48508492027878 0.49712853228517 0.49221738903323 0.49344814831945 0.49805574075625 0.49264237083634 0.49595530877963 0.48938472311807 0.49295010926288 0.48897878692483 0.48770206382412 0.48684448515437 0.48443144803414 0.48644612014995 0.48276058260277 0.48627827588756 0.47734602587446 0.4844620728193 0.4724506409988 0.48603408905332 0.46618400743146 0.48421788598506 0.46516647763734 0.48289247891868 0.46268256664218 0.48067033965717 0.4529570608497 0.47985307562538 0.44659858736912 0.47488541680933 0.44627814721092 0.47177357793352 0.44303057854791 0.4700062122321 0.44511033392242 0.47133935513739 0.4469270238322 0.46922943253548 0.4506717535961 0.4674720686824 0.44595664871824 0.46722248232173 0.43981172361466 0.46767045772036 0.43304438025148 0.47004059373837 0.43593139908603 0.47899690615195 0.43566610991285 0.48393408227883 0.43457061614629 0.48683908513856 0.43504250497107 0.48852932687024 0.43566728584003 0.49129930417811 0.43340150933789 0.49387706615823 0.43651019044702 0.4967790130181 0.43359906510515 0.49912320662684 0.4324346620055 0.50107217792307 0.43597843617347 0.5048158552108 0.43101755215355 0.5077659359031 0.43207400513753 0.50832377584219 0.43685696066503 0.50788494279863 0.43774585473415 0.50519888762196 0.44298578627533 0.50651140162349 0.44504365885097 0.50357812095412 0.44425707063398 0.50110569116175 0.44356692949069 0.5004853481082 0.4383199423864 0.49890347754591 0.4429559177248 0.4952398936344 0.44124482607633 0.4938480677491 0.44333150886804 0.49151989279669 0.44307304007254 0.49224635839604 0.4465434363841 0.49089946288825 0.44830156512001 0.4906469150968 0.4512792479406 0.48662388816528 0.45297999142983 
0 0.51025282172467 0.39899881876734 0.51122956908632 0.39658262945152 0.51318228241172 0.39599466584363 0.5172022528557 0.39445244908052 0.51979134575958 0.39745647267008 0.52005537089689 0.39515635909411 0.52334123637075 0.39506157936291 0.52685830827057 0.39421526456709 0.53288357972175 0.39662626807671 0.53295148319662 0.40398733707614 0.52862558645085 0.40332811229562 0.52592577867167 0.40386445268519 0.52338475093959 0.40328448539702 0.52207146480061 0.40302836845589 0.5207574568827 0.40466360127842 0.51781346226928 0.40366572099074 0.51764178915733 0.40448451909041 0.5163323226075 0.40456377658275 0.51239704665673 0.40723712944759 0.5100635581988 0.40836260935739 0.50888459402048 0.41098538599049 0.50533164712 0.41068459517902 0.50189630952618 0.40781827266295 0.49856997693518 0.40473828417717 0.49958493462797 0.39634604462826 0.50064638549401 0.39593494048401 0.50090502818884 0.39450172042962 0.50345449501791 0.39333331917753 0.50826423332453 0.39486178933399 0.50221910498611 0.40128516238746 
0 0.48406527898113 0.37784706369315 0.4866620985211 0.37634093615322 0.48977925090242 0.37818867054071 0.48813479908589 0.38305829054275 0.48328544390729 0.3851305214983 0.48063673954878 0.38095621517315 0.48079247214419 0.37876910819976 
0 0.47406588672371 0.380174811558 0.47626201353934 0.37717865446382 0.48184470251536 0.38568861654081 0.48290389559854 0.39299394659162 0.47804914050367 0.39359802038711 0.47851993272009 0.38987844510482 0.47900455567881 0.38834197864349 0.4782017475076 0.38725495155267 0.47734635125978 0.38234863055419 
0 0.48290389559854 0.39981525336772 0.48131132032959 0.39397984394443 0.48016900298593 0.39331144693186 0.47823995786342 0.39520339618155 0.47605673221582 0.40076270954647 0.47588584050175 0.39858195257988 0.47489916941183 0.3956776476157 0.47310211059137 0.39073851824872 0.46921567200745 0.39093148789995 0.46976663564529 0.39577301531049 0.47020617989712 0.39869672307324 0.46898219032402 0.40091193470638 0.46702791425221 0.40495536033572 0.46520569442035 0.41047786717971 0.46804740405265 0.41245882279187 0.47297083574928 0.40721643312912 0.47466490633053 0.4069224513326 0.47645736301167 0.4115745255256 0.4799736535136 0.41451434356507 0.48154026990538 0.41334642395744 0.47997443491149 0.41216131320628 0.47805070329941 0.40698101250646 0.48349376457932 0.40699712270891 0.48385547365315 0.4088770775013 0.48176687528755 0.4115217377428 0.48372802766062 0.41360947886896 0.48481768698975 0.41189721129331 0.48582037673599 0.41863703796033 0.48971134742756 0.41299964303026 0.48859879314085 0.41066389886055 0.4893893333655 0.40781133469255 0.49131461957636 0.41017812333998 0.49052252501939 0.40216828372651 0.48838203337183 0.40011041109889 0.48523815718337 0.40035160540221 0.48173179876456 0.39746339893615 
0 0.46124908630774 0.34450306036823 0.45692319717661 0.34749226727525 0.45259494862259 0.35008812653852 0.44794164616946 0.35601314050686 0.44578827725382 0.35954092215422 0.44501601440597 0.36430896677795 0.43953631274139 0.36983605973797 0.44269620041077 0.37742149564451 0.44458640185728 0.37751627537571 0.44734951023668 0.38100736800574 0.44988983477485 0.37600850153771 0.44910381922089 0.36866236681355 0.45231489562613 0.36065018693118 0.45634097000935 0.35688016437261 0.45754815157806 0.35830409460223 0.45989617403635 0.35746695203846 0.46411142484379 0.35695130796736 0.46705159060766 0.36037748941673 0.46555747974123 0.35426302082727 0.46844725324827 0.35593965780918 0.47195900364797 0.35954669685976 0.47260381316994 0.35651950750464 0.47374230986592 0.35307332246739 0.47131724157768 0.34873475194006 0.47213372421161 0.34340921289974 0.46926833822386 0.34422224895619 0.46650976932489 0.34183946769904 
0 0.50026100006473 0.33362514593339 0.50026021866686 0.33194968487866 0.49699960163669 0.33215523695079 0.49673783335038 0.33018977884817 0.49460805531705 0.33200248400931 0.49729793934329 0.33654885369614 
0 0.49245163161638 0.33548322848011 0.48918937365068 0.32784193603224 0.4862438943813 0.32931937094883 0.48623936227366 0.33337361510828 0.48403246027061 0.33535340611877 0.48019876604288 0.33900524799515 0.48329232020854 0.34337017211716 0.48763650166446 0.34030628068559 
0 0.50028999863587 0.34454667422572 0.5006745939571 0.33918151948034 0.50165822634006 0.33572604418009 0.50164368359495 0.33189970797325 0.50403061966715 0.33635941182646 0.50204814388683 0.34424576749992 0.49911790180189 0.3413128743823 
0 0.50869002594604 0.34748649226518 0.50849467647371 0.338888713611 0.51158744931963 0.34048209494814 0.50911048721728 0.34920618114896 0.50790862805672 0.3457226014415 
0 0.50787962929312 0.36505991387899 0.50760567120005 0.36622043641893 0.51256950116654 0.37076904036741 0.51250769259506 0.36654709650588 0.51373245561583 0.3640046368222 0.51610337303171 0.35808419621844 0.51315484631064 0.3539965557269 0.51236735353768 0.35312437053298 0.50887700553385 0.35601078865243 0.51104335298747 0.3618250557828 
0 0.50557052044873 0.2678013281726 0.50323093708742 0.2660116845881 0.50104700818174 0.27130159303469 0.49888745888959 0.2672806276146 0.49719870181385 0.26659035835637 0.49719338830834 0.2599235567676 0.50090580958671 0.26189182369167 0.50770561198756 0.26155938907616 
0 0.53522933612623 0.32842013942964 0.54078148054873 0.33976254510298 0.54170408676972 0.34514723328077 0.54349583212993 0.35302100653333 0.54071818732129 0.35697376817662 0.53838236434223 0.35395526787923 0.53588250660541 0.35219762231763 0.53452881293615 0.34771616381148 0.53257148941264 0.34417978493439 0.5280639176622 0.33949901982058 0.52487503295645 0.33400696949071 0.52356556640661 0.3340581223233 0.52311306818707 0.33686635403638 0.51899626422446 0.33168438233943 0.52496810677631 0.32235846997083 0.52756569838055 0.31513016315071 0.53071949832196 0.31096101701561 0.53271801104256 0.30322613465329 0.53689285405077 0.29903748201647 0.53646246972818 0.2962836957321 0.53349940893188 0.29633365837843 0.53097282751127 0.29513646116936 0.52648440000863 0.2961775095072 0.52915748398067 0.29159492126304 0.53160239977479 0.28861088843564 0.53470892514509 0.29046203301197 0.53857849521245 0.28932748402677 0.54382314989585 0.28776398567623 0.54170408676972 0.28516117390123 0.53832968845335 0.28281049539688 0.5309499325537 0.28100122842908 0.53058290997435 0.28197971744061 0.52567705972978 0.28016465916135 0.52943675557926 0.27782716576841 0.53447615629353 0.27781975742713 0.53973604833902 0.27840076833767 0.54481896334084 0.27956930189459 0.54819866540634 0.28685275969973 0.55146694013564 0.29046144504838 0.55405914942818 0.29421900277878 0.55443992461002 0.29453814941709 0.55423621418542 0.29069861516038 0.55593559827218 0.28932232438322 0.55830957331562 0.29280587673107 0.55775328599639 0.29625382718158 0.556799433617 0.29874867429957 0.55503136465751 0.29991366536282 0.55480241508172 0.30484479842493 0.55459793334136 0.31161953625645 0.55635911591749 0.31572847490298 0.55346927217643 0.3164875359016 0.55072445587996 0.31282593382958 0.55046503178726 0.31833115454394 0.54429777096183 0.31213519420048 0.54037554435548 0.30921031051054 0.53606871371773 0.3063732685814 0.53681573008105 0.31044478496788 0.53853042956605 0.31380947932802 0.537449912592 0.3197792952068 0.53466235383206 0.31869063548472 0.53232731209791 0.31513239741236 0.5309598657916 0.31714205697337 0.5294161266755 0.3207329721788 0.53036388415151 0.32338693588777 0.53214187686395 0.3247769858739 
0 0.55030859593378 0.32692271375088 0.55263903694001 0.32264267797724 0.55459715194347 0.31897025728234 0.55752739402841 0.31924931849083 0.56006771856659 0.32102695398275 0.56299717925364 0.321337059617 0.56922850441009 0.32036550857586 0.5674879406556 0.31597530201934 0.56882788172235 0.31073184269661 0.56788169745977 0.30867971821698 0.56832427079541 0.30213287514839 0.56474539041296 0.30105172769351 0.56246910027909 0.29830311548876 0.56103070308077 0.29692857420095 0.56119401523551 0.29374522171551 0.55937859356512 0.28640896477971 0.56002645053879 0.28533168334752 0.55960605848495 0.28367693314829 0.55953432616052 0.27906341801913 0.56453019343967 0.2775642284496 0.56569847175701 0.28139175384757 0.567513101667 0.28686945786578 0.57135367219598 0.28963759046181 0.57193518849052 0.29281329942054 0.57315535181477 0.2948637493587 0.57453349268644 0.29637612360893 0.57588031005445 0.29995564596336 0.58057330751935 0.30455081662841 0.57941113446792 0.31133368223044 0.57648542456465 0.30667418834832 0.57374140023176 0.30280821013136 0.57005647359269 0.29844269804575 0.57159333743403 0.3019181367262 0.57256930339778 0.30632903971262 0.57276847117864 0.31175160675238 0.57162231678354 0.31775012892129 0.57565136047866 0.31360051706705 0.57984074701662 0.31286097645973 0.58350887384824 0.31044478496788 0.58353402404718 0.31626305140178 0.58426048964652 0.31886055696311 0.57978729940234 0.32107118248022 0.57787428113804 0.32039655305357 0.58062214488619 0.32743024392439 0.58294109934374 0.33580707882716 0.5745624825474 0.32547573534841 0.57535224137418 0.32858441645753 0.57646635845663 0.33221438608825 0.57744841929911 0.33514785404664 0.57862513704 0.33943246234185 0.57900058802725 0.3397935764195 0.57514244664731 0.33920503802406 0.57293100193551 0.33050727919643 0.56026306803891 0.32837649908142 0.55794785406592 0.32920965694237 0.5601096694119 0.331539168698 0.55990588084751 0.33655802592819 0.55942368022219 0.33982110627685 0.55910924571947 0.344279163832 0.55630723109895 0.34373706139922 0.55461698936727 0.33728498411463 0.55131050428215 0.33636634979686 0.55441702965244 0.34357631215288 0.55496267978477 0.34881636128678 0.55126549576486 0.34835410430993 0.54911821441926 0.34691923795747 0.54854131830125 0.34160685618625 0.54603459387232 0.3327455523982 0.54680910557487 0.32824504387163 
0 0.51181943735153 0.2816357441083 0.51396446169893 0.28222253178898 0.51626512239071 0.27933270534475 0.51844756664044 0.2781354938766 0.52021486341559 0.27405655524624 0.52177844059211 0.27170470087408 0.52415623436931 0.27102830755664 0.52666295879824 0.26943667517173 0.5290452752466 0.26878546163463 0.53124295675479 0.2616438055127 0.53393362217889 0.25977656586934 0.5366326485602 0.26047247957807 0.53912788637713 0.2520773002112 0.53716751540193 0.24318729068443 0.5342808068212 0.24106507923642 0.53112161515469 0.2381764297591 0.52567088668661 0.23764643937633 0.52565564942816 0.23837563182442 0.52080169323046 0.23665652810444 0.51825753067856 0.23694241177002 0.51610337303171 0.23933048469952 0.51357376275427 0.23828144005681 0.51042831472432 0.24004874102478 0.50826650829003 0.24274290780081 0.50677082571619 0.24690686596672 0.50403218246289 0.24425350386405 0.51119831317075 0.23547144445296 0.52021102535251 0.23401646974562 0.52275518795376 0.2340095159417 0.52409363508687 0.23405315867382 0.52469953099494 0.23542146754755 0.52896283777136 0.23407503091948 0.53017846790228 0.23554493990209 0.53233644493348 0.23634645187212 0.53600917120007 0.23808106206431 0.53329943966794 0.23307020113898 0.52939707001296 0.23084123115776 0.51993863005517 0.2307028086109 0.51419410547718 0.23170883023565 0.51157673517324 0.23312757052986 0.50908602946396 0.23343015245064 0.50713183153193 0.23489146135354 0.50518826061093 0.23724331578511 0.50146131407195 0.24224796004818 0.49953836331495 0.24248961308492 0.50229232196649 0.23667829852403 0.50673653122274 0.23136485563339 0.51186827471838 0.2293930768281 0.51371565556164 0.22879829285738 0.51475046076032 0.22901877920477 0.5160644594178 0.22765105829464 0.51826293148807 0.22871549161622 0.52055749716788 0.22746149883225 0.52528557939712 0.22665199055735 0.53037381737461 0.22709296325213 0.53473025730693 0.22988579031907 0.54034045959114 0.23694241177002 0.5408799366803 0.23967326747426 0.5423435730298 0.24068385929798 0.54420009622813 0.24584051965973 0.54634362686396 0.24877635500715 0.54780343436391 0.25452969635777 0.54986296472875 0.25935852375469 0.54662211706468 0.26129868601901 0.54544932685322 0.25933735706534 0.54616281139694 0.265810718632 0.54937076221071 0.27097139268084 0.54580564429075 0.27304478749533 0.54365296143986 0.27136709217895 0.54307535213466 0.26685505956596 0.53855941942701 0.26428846582101 0.54153771740691 0.26836177506948 0.54365680009513 0.27281393813547 0.54076163304284 0.27393990326938 0.53485770329946 0.26980981180643 0.53236091220715 0.26757343348394 0.52882320197206 0.27242577942458 0.52918952129332 0.27288062806016 0.52819675530002 0.27483055052012 0.52669577750959 0.27550341605599 0.52072463817218 0.28283120631606 0.51824995111923 0.28427242267532 0.52038199520637 0.28644741759869 0.52701927623577 0.29491374056032 0.52740997518043 0.29550170415336 0.52741918628001 0.29687800933195 0.51842318702691 0.2905051895397 0.51652915673084 0.29040982184491 0.51455129151381 0.28748493815497 0.51732962070844 0.29246075645015 0.51928163072643 0.29479144413297 0.52018664573898 0.2977611306487 0.51614306804348 0.29895022821926 0.513608057075 0.2956877358342 0.51162026803098 0.29156446474892 0.5080505210072 0.29096215484421 0.50692726156968 0.29075495647403 0.506184777314 0.28863734679733 0.50830236554056 0.28483675013192 0.50918675164935 0.28252111431709 
0 0.49579312332606 0.27459277804309 0.49849754135267 0.27806141046387 0.49580609453069 0.27832786085029 0.49262783683597 0.27833528390551 0.49106129038704 0.27547413546906 
0 0.49013182607473 0.29251189492712 0.48888337824495 0.28788745803077 0.49169384045548 0.28458874708837 0.4905660404173 0.27951121109159 0.48959460658584 0.27787255655779 0.48799977353403 0.28055624292421 0.4854602304579 0.28595588003491 0.48697645488403 0.29481954879271 0.48165474469327 0.2957313627328 0.47570572829281 0.29696702701994 0.47622770206969 0.29844152211856 0.47589193540513 0.30040637885379 0.48173179876456 0.29986144002579 0.48466204084951 0.30015542182974 0.48775785275361 0.29844269804575 0.48955037946642 0.30131701686669 0.49125429566082 0.3055126074739 0.49557183144939 0.31098854760133 0.49563137396705 0.30783682755719 0.49811598477295 0.30607811085769 0.4936923351537 0.30502106991012 0.49439520253738 0.30020658882487 0.50107139652518 0.30133134904553 0.50768810867529 0.29704509434398 0.50224349335916 0.29662764018238 0.49615022215245 0.29717199112847 0.49309636299857 0.29628251980492 0.48915507871308 0.29104198590739 
0 0.4952109123553 0.25135444237456 0.5018764620203 0.2513486957267 0.49641730394428 0.25012737775124 0.49168547100526 0.24781973824127 0.49071865588961 0.24459521273822 0.48805165835257 0.24516649373132 0.48911998551986 0.24718813224903 0.48742747773435 0.24787030311027 0.48743279123987 0.24865864469582 0.49154731986192 0.25123674745859 
0 0.48682080042841 0.26234714269812 0.48966172866284 0.26559070265549 0.48685135308511 0.25422771825638 0.4846628222474 0.25135561830178 0.48502374160796 0.2461133347738 0.48265133953613 0.24627692177313 0.48330451001531 0.24869368732597 0.48365551393832 0.25581533755031 0.4834052322007 0.25795293798917 
0 0.47626201353934 0.26987529602321 0.47817580509833 0.27130676711431 0.47766305995488 0.26806201625647 0.4775958597364 0.26727945168742 0.47570572829281 0.26668172789873 0.47575605031561 0.26983627016811 0.47743411037331 0.271051223239 
0 0.476652712484 0.26399565994428 0.47525775289418 0.26104727278662 0.47817736789407 0.2617081438652 0.48114575034758 0.26187230330038 0.4823261998826 0.26605588442634 0.47974470393203 0.26610352450134 0.47626201353934 0.26281973272849 
0 0.45050642839678 0.2455259746721 0.45298564755738 0.24316718232954 0.45198522386496 0.23987599732114 0.45457822211076 0.23799545456516 0.45770911953919 0.23790243872474 0.46119110658582 0.23699297663903 0.46125370427921 0.23778071452273 0.46432052691369 0.23611161921306 0.46301184953017 0.23601682369905 0.45734671483262 0.23523600802776 0.45728411723793 0.23602377745226 0.45278951669211 0.23778708026779 0.45031561103703 0.23876378967513 0.44930456775575 0.24753328237874 0.46001900978145 0.24993111550388 
0 0.46551779256121 0.27487298669031 0.4648836803583 0.27171152125176 0.46414956485702 0.26664267210701 0.46395194153861 0.26465019609206 0.46513239930018 0.2628266858046 0.46457534075896 0.25982877703641 0.46379324741949 0.25894800757403 0.46356429783792 0.25599960534037 0.46361695627192 0.25405144677119 0.46300879431003 0.25286799365112 0.46431138455862 0.25277321391992 0.46451126613366 0.25139690874133 0.46398397885127 0.25131083087131 0.46398929235678 0.24993570161991 0.4652934454011 0.24787030311027 0.46476537672084 0.24778304931307 0.46418464182417 0.24052828413126 0.46840911312647 0.24544671717976 0.47098835918433 0.24429770315262 0.47371175720922 0.24281981343878 0.47587131459468 0.24105815692131 0.47915865551504 0.24257804280932 0.48033535439049 0.24601915853395 0.4774348917712 0.24458593847955 0.4741192561982 0.24695790120659 0.47235580549064 0.24665190943863 0.47099139866607 0.24789781980643 0.46750558276988 0.24875977443383 0.46578181906959 0.24986961451205 0.46704627710214 0.25081764700947 0.46632817246 0.2545376773477 0.46691343946431 0.25571879392834 0.46900430388373 0.25694587394701 0.46805349895603 0.25871199898779 0.46828244853182 0.26130562398941 0.47196432514809 0.26255387069743 0.47329746005877 0.2614009916842 0.47471374369738 0.26606048556632 0.47063047895102 0.26630390249384 0.46867236606873 0.26462726551193 0.46783830198275 0.26634869030307 0.46958582017827 0.26845655480068 0.46808788046229 0.2725320832422 0.4707869068436 0.27628611319105 0.46818626635324 0.27787890656459 0.46663877811316 0.27714160021892 0.46418010971653 0.27807752066632 0.4641808911144 0.2763951216412 0.46454104519957 0.27222715045479 
