0 0.70257710900521 0.3028009162363 0.70656304576044 0.30250458291245 0.7098770370996 0.29956829596937 0.70492482457325 0.29715672065326 0.70847105170909 0.29538589390281 0.71301123423418 0.29420197174838 0.70847105170909 0.29075462750134 0.70314286248521 0.29134259043063 0.70336429904278 0.28528716022182 0.71619919644832 0.29045369440919 0.71825250294231 0.29625349200127 0.71654508775083 0.30185348612505 0.71225403613704 0.30198554259897 0.70764000045083 0.30515276801289 0.69922078134394 0.30603471242911 0.69543855486852 0.30640220253125 0.69628494159692 0.30386149712118 
0 0.77965718310384 0.30962906067981 0.7744474019972 0.30894643571889 0.76273409295719 0.309261583849 0.7554572295309 0.31506771777578 0.75121065415423 0.31392224839693 0.75456550065634 0.31037894859983 0.75787799633443 0.30531588222308 0.76495193833145 0.30610022477076 0.77198357589862 0.307570132094 0.77473181375778 0.30568100720218 0.77377325244903 0.30167615650558 0.76480274965691 0.30423697024783 0.76259036815909 0.30546169702955 0.76062239301545 0.30485878654082 0.75691778192661 0.30393264063562 0.76395872449863 0.29780323121104 0.76828669532518 0.29750807381308 0.77183985133418 0.29633332385067 0.77536683996108 0.29936851960068 0.77872776433691 0.30103937925563 0.78420424556662 0.30784859133731 0.7819103737392 0.3192270851302 
0 0.73051237331782 0.3321990634437 0.73735185866683 0.33131019369756 0.74031767585237 0.33344050098298 0.73799067886364 0.33893313307587 0.7393628930558 0.34477477996358 0.74176437370341 0.34833019179703 0.74457645267462 0.35255388229591 0.74523375635599 0.34304369950715 0.74570418112244 0.35154329161304 0.75022666660727 0.35507624326259 0.75408350419634 0.33691888967269 0.75391740709841 0.34161342088535 0.75496444856738 0.34424537814205 0.75610524436983 0.34664838263407 0.75722297550417 0.35080034165558 0.7612089122594 0.34806549088626 0.76471592259577 0.3382044118213 0.76869414488863 0.33418580279215 0.76573446778538 0.32845021171182 0.76217140951833 0.32739953466223 0.75649427368639 0.32867128577882 0.75077329136936 0.32883545772815 0.74621231229169 0.32778934136259 0.74291061672273 0.32492879684075 0.73839504290461 0.32276979696438 0.73384870556164 0.32368854783769 0.72954757791537 0.32223874884664 0.72725984622819 0.32498959220764 0.72519884043 0.32721632541346 0.72282190495339 0.32836297071817 0.72070247449624 0.3304708178197 0.72315244605016 0.33373612874383 
0 0.68131299472691 0.33426435463951 0.67776906508825 0.33484489669237 0.67235870782336 0.33997182838676 0.66974191687716 0.34241375602471 0.66896779419421 0.33622815082335 0.66868716094582 0.32862014570345 0.67123860129559 0.31706596858729 0.67948874648432 0.31750341300668 0.68678332168646 0.32070451837893 0.68604611821627 0.31397221217511 0.68328630866356 0.3095567412395 0.68047580407243 0.31538239553554 0.67516384569892 0.30984390233417 0.679880058652 0.30183855186665 0.68150513376555 0.29867942704755 0.68342390948213 0.30023494177329 0.6879933114932 0.30705049045709 0.6899628609672 0.30602096736789 0.69183779019868 0.30810753021138 0.69328763680987 0.31480995482758 0.68985367770899 0.31319305677202 0.69158031464629 0.32127060908726 0.69587601078982 0.32515045886509 0.70080057852843 0.32808909758571 0.70335352914558 0.32719562911835 0.705715886508 0.32897445216464 0.70883464005185 0.33598297028184 0.70158313870636 0.33430692315559 0.6989709127241 0.33434420000531 0.69607359549424 0.33182242700156 0.69020194485569 0.32859897903799 0.68431335550558 0.32463422741317 0.68072181499376 0.32337222378173 0.67386545445095 0.3303909724539 0.68327631135008 0.3266064902632 0.68786114228589 0.32859380496421 
0 0.65041578497182 0.32014582308867 0.65574394619111 0.31874248608388 0.6616655180829 0.31803681297614 0.66734037120709 0.31629479640922 0.67010551995551 0.31691085096996 0.67262468551374 0.31578150477195 0.66640478215089 0.32337961928148 0.66379801594855 0.32337961928148 0.66085682420412 0.32596749215164 0.65553252034527 0.32749535989052 0.65119760884814 0.32814824665639 0.64742539418811 0.32725818837403 0.64652437647111 0.32454862001067 0.64746382225636 0.32250462568326 0.65139977254364 0.32043980456074 
0 0.65002218994309 0.28751387968844 0.65828768554636 0.28675600921179 0.66567450595304 0.28963608682465 0.67127553430431 0.30157385095588 0.67459187341762 0.31040023285787 0.66737491515319 0.30010569410032 0.66502798677519 0.29575337073362 0.66164322705165 0.29391598657957 0.65530650468723 0.29274699868355 0.64928418602382 0.29185647003084 0.65218696260109 0.28780786116052 
0 0.56008572587891 0.28957174999296 0.56367112935596 0.29135058672647 0.56559526909103 0.29169619133631 0.56657082257834 0.29393033287504 0.57013238518432 0.29249840795704 0.57371315522721 0.2925827218411 0.57228251605293 0.28988067940323 0.56815442396782 0.28868980557674 0.56577898811955 0.28021950773423 0.56457671277517 0.28195235207945 0.56090676510883 0.27962178462031 0.56030250702819 0.28252197056535 0.55915706680452 0.28433125009138 0.55972211181349 0.28981576829584 0.56205370102255 0.29104165735333 
0 0.60471954745998 0.25338393890052 0.59925000561739 0.25105900122537 0.599628159735 0.25590394801548 
0 0.59255731574891 0.25017823273504 0.59334371861631 0.24489575327546 0.59075078152433 0.24719421795866 0.59101748150905 0.25219190285767 0.59295091077764 0.24812036243052 
0 0.58409502263127 0.25458795481615 0.58345077471093 0.24893799841436 0.58350463008818 0.25458795481615 
0 0.54666892661053 0.27220616097087 0.543357937158 0.26987782777086 0.54197113390433 0.27282916649075 0.54098635916733 0.27573970058335 0.5411931645 0.28192823171904 0.54331951171968 0.28574259630685 0.54493153008285 0.28657914996266 0.54694027101648 0.28339121496002 0.55123141211266 0.28450752137758 0.55611520706135 0.28433125009138 0.55696615949196 0.28747708694828 0.55808318215527 0.28748284898498 0.55787174291118 0.27992893645457 0.55438937162299 0.27871055967249 0.55024585016073 0.27928239847037 0.54661122558078 0.27752310974048 
0 0.55035573115148 0.23486369459066 0.55500818171152 0.23760936387788 0.55766494808831 0.23997038781676 0.55965906886777 0.24199897751541 0.56300383942189 0.24670044669064 0.55933238499393 0.25313240835937 0.55678242933719 0.25099986681482 0.55285340642168 0.24958228819229 0.54894516532316 0.24776842255541 0.54673734407465 0.24604063469138 0.54453872224418 0.246062492126 0.5407657202988 0.24513811159492 0.53846640641907 0.24699560408115 0.53647081134533 0.25106017715126 0.53702120422909 0.25612337578069 0.53881623367176 0.26363589572088 0.54340098588857 0.25222917970739 0.54981919314959 0.25228609451894 0.55165341392841 0.25690877666164 0.5583183945385 0.26071042736988 0.56086826050819 0.2663541659356 0.56539460322421 0.26457416696345 0.57007854138575 0.26435368086496 0.57445657749869 0.26634603777322 0.58331246542133 0.27017592497601 0.58808480502409 0.27010348794312 0.59329993902298 0.27193403759441 0.59846045398976 0.27369910235274 0.6006359991401 0.27575462080548 0.60315210673219 0.27663538929582 0.6073201871871 0.28045950028456 0.60649536946573 0.28814430728044 0.60515235666818 0.29575231240034 0.6070772603415 0.30214064721972 0.61086482520726 0.30837963945505 0.61342783725058 0.309562490094 0.61538582741509 0.31281064568281 0.62025190896726 0.3143466400393 0.62502424857002 0.31822578426161 0.63033778132361 0.31809490371355 0.63526237636582 0.31955786014452 0.64131853131466 0.31991041564663 0.64592863105067 0.32183622942524 0.6472723644448 0.31954987677839 0.64313427694036 0.31727152042737 0.6391591116036 0.31403078635368 0.63408237846969 0.31338542515685 0.62876340124847 0.31405947894463 0.62699688076255 0.31242999848238 0.62443385604184 0.31251607625523 0.61892281730783 0.30956366601989 0.61417047233202 0.30432081376155 0.61223706718527 0.29927313857141 0.61070652129071 0.29215209779169 0.61334408023059 0.28634713979076 0.61478621237941 0.28871214816862 0.61731995338626 0.28962291645503 0.61928792852989 0.291673848745 0.61931176790539 0.29729677342302 0.62131280498089 0.30127986949123 0.62582608034229 0.30374837305358 0.63073682072551 0.30457058041391 0.63571358080916 0.30008160104133 0.63548836573942 0.2943489624807 0.63373253836062 0.28310533353322 0.62857126087745 0.28458901303958 0.623454525504 0.28457288904182 0.61888432371499 0.28346365199291 0.61555876068228 0.279971975341 0.62581143860759 0.27281480608474 0.63668379253047 0.2786140161595 0.64037832454922 0.28547095743352 0.64470865705527 0.28868862965085 0.64742381980803 0.28639770460268 0.64376921133962 0.28303761405434 0.64009004254203 0.27928982075043 0.63825352818438 0.27713552457749 0.6373779367056 0.27393441920524 0.63719113650968 0.27313690628794 0.63290080619345 0.27075693578022 0.62758727330564 0.26928702841985 0.61696020753 0.27098543233707 0.61119001341178 0.27420429418978 0.60692353429745 0.27312091369627 0.60180601173394 0.269795160183 0.59728124328369 0.26798023621285 0.59097292655293 0.26659180628388 0.58821311700022 0.26484004380008 0.58527580771745 0.26494281972012 0.57917042888166 0.26400113829256 0.57389609819194 0.26071160329574 0.57222796378333 0.25435254903024 0.57130318419764 0.24870140213162 0.56927757552252 0.24783215773695 0.56811442352301 0.24489398938667 0.56319141574706 0.24171828401297 0.5622596976186 0.2392423721177 0.56023866591614 0.23645072412941 0.55560321866092 0.23394270945821 0.55063944518945 0.2325381684847 0.5484738853414 0.23333981227051 0.54728466665792 0.23369517706498 0.54646362744873 0.23547635196298 0.54480006934326 0.23916711286275 0.54840397217233 0.24162526827755 
0 0.43321666588913 0.58992321260394 0.43448434894355 0.5804503127646 0.44479387006412 0.5730800798533 0.44213946519038 0.57111640126204 0.43979630731706 0.56835579771641 0.43369172729472 0.57608656949596 0.42815911955368 0.57975216558235 0.42474901231093 0.58041820364884 0.42608660562277 0.58331898389663 0.42429622815806 0.59031479592474 0.42326531652812 0.59636893870492 0.42928150279192 0.59617373501239 0.43347958736832 0.58953045335725 
0 0.48039114652144 0.66480700052675 0.47838861378487 0.66316129228765 0.4801451496347 0.66003896961949 0.47939874498982 0.65538230310184 0.48076710848338 0.65010898562765 0.48222773959809 0.6446933766785 0.48365066431 0.64012513990305 0.48432788389932 0.64042946951525 0.49192844913432 0.64646525709089 0.49698597842242 0.64812696259299 0.50143927940849 0.64673854693176 0.5009688451365 0.65451988352322 0.50375400220843 0.6596990137822 0.50012782077277 0.66214846734565 0.49850116180673 0.6674837564183 0.49431000460871 0.66525020698285 0.48915863300287 0.66629184210839 0.48753505355038 0.66401454409064 
0 0.47138309476453 0.60464063637941 0.47512303463302 0.59967516599558 0.47834863345317 0.59815234197024 0.48103073842696 0.59384257358963 0.48700078767188 0.58802033547927 0.48943620541242 0.59152059638995 0.49247349025107 0.5931259703721 0.49251884167741 0.60051348939352 0.48961299909255 0.6039172067912 0.48622132121778 0.60834526756999 0.48383360727473 0.60924332778252 0.48302028252791 0.61418703768461 0.47649904281869 0.61500923957896 0.47357478926713 0.61649749681157 0.47127084146517 0.61430298397427 0.46633397914456 0.61296395719909 0.46823354742422 0.60856916948779 
0 0.44241544601006 0.54289770843346 0.44345241144655 0.53700772355649 0.43715646552607 0.53941461604032 
0 0.43821578715963 0.49623273703152 0.44398903889516 0.48920587447093 0.45021429515026 0.49160358729659 0.45416331269272 0.50009353681044 0.45106069011151 0.5029495079432 0.44791114269164 0.50172759505583 0.44600850432277 0.50168173394619 0.44471545786183 0.50607758831963 0.43772221900607 0.50871660113148 0.43405918760426 0.50792308636211 
0 0.37575179169495 0.53581110883925 0.372340897176 0.53387152921241 0.36847799197941 0.53630488010727 0.36629243755911 0.53701455136293 0.36420686231232 0.53811474759623 0.3618502454581 0.54339371396061 0.36061026371093 0.54990034692136 0.35368818683457 0.56433307294676 0.35326955917259 0.57317885762542 0.3576406680132 0.57148281975958 0.35968090715257 0.57392874554544 0.36205515102488 0.57547673434569 0.36366912675891 0.57858306009374 0.36677750406026 0.57890808600106 0.37392755117149 0.56716035148857 0.3736469966421 0.55269434676137 0.38830762390178 0.54725568966539 0.3875727032827 0.55317552859468 0.38696459897868 0.55788958720462 0.38707992231918 0.56257377026973 0.38629351947165 0.5698635698523 0.39145638405205 0.57195013269578 0.39154171545212 0.57497954641547 0.39470433014706 0.57375423163986 0.39937441376394 0.5718915650328 0.40218184831392 0.57356703075134 0.4045911221429 0.57091084284196 0.40612622143516 0.56610836151416 0.40676124763847 0.56018969818402 0.40986231126457 0.55582360306366 0.41196253433786 0.54904250900752 0.41094398190309 0.542573858452 0.41147746059155 0.53967990491401 0.41298650389357 0.53575019587978 0.41038894141301 0.53034257562163 0.40795045562822 0.53046546747869 0.40912895783347 0.52602927946336 0.41508900976491 0.52333523325327 0.41616140610432 0.51627168958775 0.41690938672679 0.51049765033074 0.4103428048714 0.51041957695989 0.40833405333353 0.50989252699007 0.40798123475869 0.50845930855362 0.40511539070792 0.50444234582068 0.40698260547703 0.50132684785093 0.40749695544758 0.49699755920995 0.41175266222868 0.49925745352498 0.41646194790943 0.49705494439185 0.41233691467457 0.49231337614484 0.41799792050836 0.48957675285206 0.42188080669005 0.49538524726523 0.41961228243978 0.487292643099 0.42719433944363 0.48922421891432 0.42564609407774 0.49742583140765 0.42586982108291 0.50053333308155 0.42486276127136 0.50597775221424 0.42770712267701 0.51351673048625 0.42377809211859 0.51923902089932 0.42430078630354 0.52319166048779 0.42402101896419 0.52838113123995 0.42484434102448 0.53044017747036 0.42270877317156 0.53190890890484 0.42064853940524 0.5345766218729 0.42377038519968 0.53974880680211 0.41882509240221 0.54529659718498 0.42120429557176 0.54985448581288 0.41983671031949 0.55651728172765 0.41879738331289 0.56256107027046 0.41795792385683 0.57218672243077 0.41376141376655 0.57156772160657 0.4117403820641 0.57116696607396 0.41091242280122 0.57660562316994 0.40727403035566 0.58203274989347 0.41274972439531 0.58404240723657 0.41827390193791 0.58245655987194 0.41668031442586 0.58757018490146 0.41317638140645 0.58913887003645 0.41116762259276 0.59343606202101 0.40828950552978 0.59462574023124 0.40567807414678 0.59622312389845 0.39995867315174 0.59470382768915 0.39516940884218 0.59815234197024 0.39022868246946 0.59505637026156 0.3901457126395 0.59573629059299 0.38643269467029 0.59660435906181 0.3836236922695 0.59423533283632 0.37838162984206 0.59650675721554 0.37207182937693 0.59500933322721 0.36893078984711 0.59540890687284 0.36629936483144 0.59387468236626 0.36078864097344 0.59580049019365 0.35468256529003 0.59459587769533 0.34846306116323 0.59462574023124 0.34663960851918 0.59147003157803 0.34529123070383 0.58837287805168 0.34709775312104 0.58365199984166 0.34667723620298 0.57864279712736 0.34573977158723 0.57107736052354 0.34215939513936 0.5653148534461 0.34452711087596 0.56366008381473 0.34662000748724 0.56011514448459 0.34853492597263 0.55122443943813 0.34977301846372 0.54689397487129 0.3498145033787 0.54428953427969 0.3519727423047 0.54082830676757 0.34982835792336 0.5322040663028 0.35344951081518 0.52680786768813 0.35606628793807 0.52799766947185 0.35809456178886 0.52295400587177 0.36120341140423 0.52250150179847 0.36390473273715 0.52099608931722 0.36658684663316 0.52367061509 0.37123236992086 0.52014283751423 0.37226327399406 0.52418731691226 0.37550114405659 0.52180101056743 0.37468860649981 0.51076412323646 0.37681338984922 0.50683441420222 0.37747990365402 0.50159213672463 0.38152504357632 0.50878315038561 0.38489822513006 0.51433893784657 0.38837296067489 0.51967999309629 0.39727269508263 0.51818021725624 0.4054543547381 0.51970292365053 0.40771910047618 0.52439639652992 0.39760323617941 0.52688136305429 0.38900256193208 0.53738661430459 0.38755349584578 0.54525638052062 0.38284114012389 0.54641277881109 0.37623299463452 0.54582258882153 
