0 0.46399241794826 0.92711065952997 0.45533062256398 0.92711065952997 0.45533062256398 0.91407668227019 0.46399241794826 0.91407668227019 
0 0.45543743965275 0.92711065952997 0.44677564426848 0.92711065952997 0.44677564426848 0.91407668227019 0.45543743965275 0.91407668227019 
0 0.46399241794826 0.91423519725888 0.45533062256398 0.91423519725888 0.45533062256398 0.90120121999909 0.46399241794826 0.90120121999909 
0 0.45543743965275 0.91423519725888 0.44677564426848 0.91423519725888 0.44677564426848 0.90120121999909 0.45543743965275 0.90120121999909 
0 0.44688175809917 0.92711065952997 0.43822074411276 0.92711065952997 0.43822074411276 0.91407668227019 0.44688175809917 0.91407668227019 
0 0.43832677980366 0.92711065952997 0.42966506255918 0.92711065952997 0.42966506255918 0.91407668227019 0.43832677980366 0.91407668227019 
0 0.44688175809917 0.91423519725888 0.43822074411276 0.91423519725888 0.43822074411276 0.90120121999909 0.44688175809917 0.90120121999909 
0 0.43832677980366 0.91423519725888 0.42966506255918 0.91423519725888 0.42966506255918 0.90120121999909 0.43832677980366 0.90120121999909 
0 0.42984744082193 0.92699577144099 0.4211872082334 0.92699577144099 0.4211872082334 0.91396191177393 0.42984744082193 0.91396191177393 
0 0.4212932439243 0.92699577144099 0.41263152667981 0.92699577144099 0.41263152667981 0.91396191177393 0.4212932439243 0.91396191177393 
0 0.42984744082193 0.91412030916989 0.4211872082334 0.91412030916989 0.4211872082334 0.90108750783732 0.42984744082193 0.90108750783732 
0 0.4212932439243 0.91412030916989 0.41263152667981 0.91412030916989 0.41263152667981 0.90108750783732 0.4212932439243 0.90108750783732 
0 0.41281390494257 0.92699577144099 0.40415289095617 0.92699577144099 0.40415289095617 0.91396297010842 0.41281390494257 0.91396297010842 
0 0.40425892664707 0.92699577144099 0.39559720940258 0.92699577144099 0.39559720940258 0.91396297010842 0.40425892664707 0.91396297010842 
0 0.41281390494257 0.91412030916989 0.40415289095617 0.91412030916989 0.40415289095617 0.90108750783732 0.41281390494257 0.90108750783732 
0 0.40425892664707 0.91412030916989 0.39559720940258 0.91412030916989 0.39559720940258 0.90108750783732 0.40425892664707 0.90108750783732 
0 0.39578029092342 0.92688100094473 0.38711857953016 0.92688100094473 0.38711857953016 0.91384819961216 0.39578029092342 0.91384819961216 
0 0.38722460936984 0.92688100094473 0.37856289212535 0.92688100094473 0.37856289212535 0.91384819961216 0.38722460936984 0.91384819961216 
0 0.39578029092342 0.91400553867363 0.38711857953016 0.91400553867363 0.38711857953016 0.90097273734106 0.39578029092342 0.90097273734106 
0 0.38722460936984 0.91400553867363 0.37856289212535 0.91400553867363 0.37856289212535 0.90097273734106 0.38722460936984 0.90097273734106 
0 0.63943757183041 0.63512699680863 0.639393344711 0.6229669689628 0.63606552746404 0.61539352751356 0.63631886879991 0.60679103218379 0.63404639536905 0.59656834437703 0.63293307174549 0.5911858904609 0.63364350662749 0.58592643852843 0.64284321630518 0.57348042519095 0.64204964092016 0.56365155539881 0.6415406260566 0.55886058523019 0.63855771782927 0.55555788376246 0.63686294398994 0.55962882608795 0.63195021744412 0.57104131702158 0.62564636827108 0.57778443628473 0.61625662263151 0.59502835013414 0.61800937619276 0.6037502020733 0.61964930762708 0.60638685958345 0.62048789209527 0.61139490471001 0.62146690548607 0.6213030319945 0.62182025360269 0.62865939728518 0.62113496767107 0.64080566678293 0.61417411916929 0.64786122989942 0.60792833928731 0.65264078068924 0.60224334579764 0.65982264364351 0.61263046767794 0.65970775555743 0.61802852044056 0.65450451294446 0.62562730216306 0.65193911019531 0.62955179482323 0.64674845000323 0.63211423285694 0.64550478941123 0.63453476903753 0.63870416730868 
0 0.63521927357128 0.53083353596911 0.63970926386967 0.53387213189471 0.64332549507029 0.53820260960852 0.63758401794399 0.55342074592996 0.63558168590319 0.55340123330318 0.631116934756 0.54592656178374 0.62668267002884 0.53848741917299 0.62280004839135 0.52920512033694 0.61729900738952 0.52368955146335 0.61895408621708 0.51465654919075 0.62277489918436 0.50504698981881 0.62464977342822 0.49595648470681 0.62581655672707 0.49132050936841 0.62504813006213 0.48809705776592 0.62432393051661 0.47783873936543 0.62335327808302 0.46723468843047 0.61730511395913 0.46645034497753 0.60975134056309 0.46604959895409 0.60272484316487 0.46724387060427 0.59985415489699 0.46218878474752 0.59982280961704 0.45833716291146 0.60309108434634 0.45432701602149 0.60588778546135 0.44565349468967 0.60987643088661 0.43698326595398 0.6152920651013 0.42766427818972 0.61966304850415 0.41720839281643 0.62537929834945 0.41619898812543 0.63028435532596 0.41477623382299 0.63106426853959 0.41634833087807 0.62459868185802 0.43256777696296 0.62224760009756 0.43394467010514 0.62017502038829 0.42879540255001 0.61594375092453 0.43973023186066 0.61176506953738 0.45004017346463 0.61729744459378 0.45391943965879 0.62042992411851 0.4543074956302 0.62328232715646 0.45192694863469 0.62616147763666 0.45304431464691 0.62933816064569 0.45166401131589 0.6322043280313 0.45421106960094 0.63396622394763 0.45626093565274 0.63423635319114 0.46085435264598 0.63417767021114 0.47027210842884 0.63400060545389 0.48132512828672 0.63293307174549 0.50369761337279 0.63249961828622 0.5143074164092 0.62784100232758 0.52165002335181 
0 0.59127783321427 0.25819529658222 0.59646757644469 0.27791040668869 0.58480457698311 0.28602420140442 0.57152081320028 0.28779726441559 0.56650205096355 0.29163854816165 0.5721923465294 0.29557578756608 0.57714859693656 0.29875326041559 0.57855339402649 0.30770077278176 0.57458843554378 0.31818533957286 0.56759553914224 0.31906785924125 0.56131075607722 0.32024378645704 0.55452009603144 0.31986197655478 0.55452009603144 0.32771164330002 0.55927029182039 0.33177517728424 0.5633443440328 0.33754745106256 0.56364886509333 0.3414202496572 0.552117844561 0.35596658654174 0.54254423600271 0.36807616711128 0.5451684826079 0.37087581455591 0.54600942299514 0.37510009778646 0.54692662781445 0.3851930808246 0.54490140081608 0.39071394137053 0.54261745298309 0.3958958879575 0.52608299592303 0.40193405061652 0.52098484366275 0.41578787273977 0.52536036851675 0.42560758154127 0.52666295879824 0.43783650803578 0.5151945291696 0.44959578019365 0.49952234465862 0.45360135135496 0.48597149908397 0.47272391667376 0.47951809854413 0.49349784686786 0.47456872431319 0.5008691557121 0.47143851452704 0.50517669458744 0.47217420062125 0.51113440325024 0.48186229221208 0.51899383902389 0.48803485829838 0.51338184412104 0.49015088372919 0.5114617902116 0.49052408781517 0.50910064601467 0.49354355699933 0.50636414585994 0.49108871745226 0.49623893320786 0.48754726602776 0.50367691705431 0.48987162057759 0.5107324801708 0.48472767827221 0.51310738271581 0.47950511915406 0.50759863421989 0.48066268195805 0.49664087432911 0.49232488888193 0.48557187172653 0.50009543056143 0.50094381799823 0.49078194911865 0.51976100530526 0.4787374820527 0.52729423865956 0.47294942544766 0.52298105533373 0.46956902012408 0.51632964968959 0.46439757274363 0.51660294386915 0.45868134242757 0.51544652835053 0.45372586575923 0.50956584280949 0.45275522083498 0.50398358985104 0.45190896692085 0.49938666430861 0.45112756903153 0.48761703486171 0.45164876142371 0.48213015847284 0.45163656413555 0.47936603359471 0.45264378598944 0.47746550007656 0.45581673776533 0.46339576648054 0.46185959246324 0.45860010023027 0.47332410572612 0.45814995530344 0.47570268084112 0.47851513268286 0.47012678192338 0.48446015016481 0.46519194964137 0.48879178615028 0.46051043090163 0.48417651652753 0.45910180496214 0.48087039724386 0.46178020243969 0.47695220785984 0.46604507201185 0.48223576629962 0.47040231076734 0.47312350653468 0.46159626138119 0.46967380654159 0.45816093143328 0.47901466655151 0.45561450441 0.48731271433281 0.45686286564644 0.49544777860612 0.457625197408 0.50527664839825 0.46310342159204 0.5082933630969 0.46695774472352 0.50478863861603 0.47140953264667 0.49655820664793 0.47249316723161 0.48423624411632 0.47763710940705 0.47820045456787 0.48285887881029 0.46869543512277 0.48707717706942 0.45945676318533 0.48987926982973 0.45684314742154 0.49275075072085 0.4510599375204 0.4991102354222 0.44565349468967 0.50934396890071 0.44135054193036 0.51891305453198 0.44028478849905 0.51994089610899 0.42953035704131 0.51603468815897 0.42326489940116 0.51520828177211 0.41313169965326 0.51668793677794 0.40286303309353 0.52411653004445 0.39677443490215 0.53122537530272 0.39243408765833 0.53785506738737 0.39157401451443 0.54359802916962 0.38619213657283 0.54151404105146 0.37894537968495 0.53422359892829 0.36376063193109 0.53909436440852 0.35426995879766 0.5464374727481 0.3500140431258 0.5558486286893 0.34317837839311 0.55162876763443 0.33677392615956 0.54457094765704 0.33203235255984 0.54533710826816 0.32263187304159 0.54441380854546 0.31207145894699 0.55168065245297 0.31201229594652 0.55765788747593 0.31358040871217 0.57094087019644 0.31326290837193 0.56417083888339 0.30181078869212 0.56072009742761 0.28681830503318 0.57672351649551 0.27956577411303 0.59069178481209 0.26935508076357 0.58290906203109 0.26292993221154 0.5733354534728 0.25521526190726 0.57844962438941 0.24359380871265 0.58162179794553 0.24184824676214 0.58633533540962 0.23919442992409 0.60033642243672 0.22935180178387 0.59821883421016 0.22707967527493 0.59724819293612 0.22497699987349 0.5956800725319 0.22500287027159 0.59001493797746 0.22225719788481 0.58832469624577 0.21273489231008 0.59133049943068 0.2073748986032 0.59412338277673 0.20422776467509 0.59711691809071 0.20012577787189 0.60148102530255 0.19597557805405 0.60791988876098 0.19441041896938 0.60994128690979 0.19755402511593 0.6133645244033 0.1955082645903 0.61718226654781 0.19039686189057 0.61810025276499 0.18447818517758 0.61781863697279 0.17472563305982 0.61444659260641 0.16776365624031 0.61909451512567 0.15904650778968 0.62738005572431 0.15688293708726 0.63710634942631 0.15825924226585 0.64027007312066 0.1458052326235 0.63745125844595 0.13568120510765 0.64383520090061 0.12960812915514 0.64546747528804 0.12898735719361 0.64569642486961 0.12660620368775 0.64910658906858 0.12188475698968 0.65552944513715 0.11641622520353 0.65870699957379 0.10385250155472 0.66497795189651 0.09793441280533 0.66887659325623 0.09287874905421 0.67252415860357 0.09370954161118 0.67870970429541 0.09299585200612 0.67532537876504 0.10262036504914 0.67201514297015 0.11195828524109 0.66868888851893 0.11574900411814 0.66471017971039 0.117190808441 0.65878327671991 0.12151208698896 0.65248246228451 0.12584551493783 0.64650297136714 0.13453455850851 0.64628777439386 0.14258352676866 0.64405954022897 0.15520923992331 0.63866306246786 0.16306112330438 0.63189146835903 0.16454081010845 0.62100377096877 0.1692560429392 0.62284505690864 0.17197996067304 0.6230351046815 0.17725952096039 0.62069091101355 0.18705111386073 0.60713927228927 0.20187591030293 0.60004410149371 0.20298469204669 0.59593340172122 0.21322407801949 0.60146116653019 0.21943908838336 0.60276297538091 0.22139877103897 0.60786956673817 0.23048408614877 0.60658143235017 0.23784164328922 0.60153289885462 0.239087067772 0.59751065332096 0.24263376614228 0.59300464436625 0.24410367516202 0.58349057832563 0.24583653704195 0.58446576286686 0.25249016824623 0.58717932324855 0.25642681968707 
0 0.36803879119851 0.441755873446 0.37246087802202 0.43667211562054 0.37768225672633 0.4304743913863 0.37865400311694 0.42639310090157 0.38158315688223 0.42410662808095 0.38448666937462 0.41474060322926 0.39011554706792 0.40686047996989 0.3914612704789 0.40255646887611 0.39435181747805 0.39678819325023 0.39381077759315 0.3880772774339 0.38836349676475 0.38721426447203 0.38392656915229 0.39540552630852 0.38100929257542 0.40369335527962 0.37605538636187 0.41067189516541 0.37222583354286 0.42097160620286 0.36933598980179 0.42737147232039 0.36730810605067 0.43386082649678 0.36276662163268 0.44253105523247 0.36439162191934 0.4499861880293 0.36745352419419 0.44283655055731 0.36934138144709 0.44057994623021 
0 0.43183453560427 0.40255646887611 0.43525236988581 0.39087410265327 0.4477203542928 0.37065709209929 0.45432488536605 0.35736476396599 0.45972294581403 0.34889844100436 0.4722313989453 0.33082713139912 0.48296342984524 0.3348745685686 0.48418819286602 0.32953291932583 0.48686885639739 0.32593517010001 0.48864841190557 0.31625728935856 0.48506648407142 0.30877674615703 0.48297031441913 0.30483104007685 0.48028651702364 0.30378080543601 0.48291685853221 0.29783286220705 0.48947403689456 0.29398123030176 0.50296690274729 0.29318595074581 0.50890599539481 0.2784478054263 0.50029156143165 0.2645537700628 0.50262730723318 0.2609668393671 0.50536141837883 0.25682063770169 0.51128832121958 0.25478522533531 0.52327027615169 0.25909557123609 0.53323083293499 0.2546910335677 0.53284240005403 0.23755683372475 0.53182517630741 0.23056959197778 0.52870192902271 0.22819480702549 0.52566635457897 0.22610130385611 0.53029598067665 0.22382694308551 0.53676384526251 0.22217159038566 0.54849020495148 0.21433344772684 0.54541188804428 0.20391261618922 0.54176972419243 0.19796748111456 0.53988795208487 0.19490758416233 0.54021379499648 0.19118577452437 0.54641309313457 0.18485659854606 0.55556779429497 0.17942650236649 0.56469124987768 0.1748221766818 0.57166505924701 0.17325288448361 0.57809627627278 0.17217338329952 0.58031842626615 0.16110028234742 0.57718672915259 0.15207468841609 0.57302563976515 0.14416881235135 0.572765434268 0.13570072549894 0.57954389396596 0.13414238679195 0.58507166962687 0.13758230831991 0.59153194380146 0.14071911235826 0.59568617855537 0.14542282110259 0.60662574900582 0.13281206036633 0.60798021267651 0.12003126055898 0.60949035366806 0.11441350361291 0.60897072407166 0.10855797418982 0.60869597312504 0.09808081573999 0.61343702655892 0.09572437525181 0.61671217758947 0.10631230604256 0.62173251440001 0.10779315114799 0.62719541140773 0.10778221502516 0.63048048619123 0.087847779774 0.64264177193441 0.07497455208981 0.64803983713968 0.07251533556556 0.65376372037126 0.06858385820434 0.65950138138019 0.06546094837626 0.66391501637453 0.06898755400732 0.66907350552434 0.06496880274504 0.67467144000341 0.05769794746463 0.68039532256223 0.05221048325078 0.68055863471697 0.04983969645093 0.67462110486519 0.05254350582988 0.66842025688887 0.05014343844309 0.66104963038678 0.05761808171915 0.65513038524515 0.06350984998912 0.64152155994858 0.06856386744218 0.63448210282112 0.07369126275164 0.62818051970191 0.07710991826702 0.62379812789017 0.08351954458019 0.62610958092817 0.09417121062443 0.62361426497145 0.10082484182871 0.61855580772295 0.09758245779853 0.61672593019197 0.09456218705755 0.61496700358755 0.08948020189372 0.60832590309401 0.09216507884498 0.60350015744855 0.09955131268619 0.60193736166991 0.11053658927312 0.60297896505637 0.11602464145056 0.60245855406209 0.12377670623936 0.59647592626207 0.13604350827369 0.59386317727959 0.13326102936598 0.59014997450955 0.13058532464677 0.58551346113039 0.1285688262109 0.58146300713365 0.12661433613209 0.58084648421455 0.12819736931 0.56974282048784 0.13099078434053 0.56807094160609 0.14276604881107 0.57269291000465 0.15600438408244 0.57071956782482 0.17045090255298 0.56527729829467 0.16888339161393 0.56053701590677 0.16974522864861 0.55479328281369 0.17364507356853 0.54826891307481 0.17550831288349 0.54353473594219 0.18227731985611 0.5323937309185 0.19561562674239 0.53967963141284 0.20811902532656 0.53844189718742 0.21715437945353 0.5303089613498 0.21675303550492 0.51836591056307 0.22923808962498 0.5206208685351 0.23052994731018 0.52537411177575 0.23477317888986 0.52922077720811 0.23994772887949 0.52923148235892 0.24897789347146 0.52414934875497 0.25274746111455 0.50869689332491 0.250167594461 0.50471129535134 0.25274452129658 0.50066998370967 0.25406802734451 0.49538257688538 0.2625562225518 0.4970132760994 0.27235581175701 0.50317522341932 0.27993960136548 0.50081197242593 0.28879868400726 0.49383814399616 0.28890604615935 0.48733207743731 0.28771001061839 0.47978439075265 0.29195381424024 0.47326691542958 0.30730858708337 0.47881451971693 0.31364814211809 0.48049562730366 0.31800742178961 0.4826550902459 0.32140937913894 0.47092272176163 0.32573126432594 0.46524992153977 0.33054233522236 0.46192288569068 0.33288560532606 0.45952149375789 0.33855910122075 0.4551070646335 0.34464605311406 0.4516495428216 0.35248595966366 0.44669860579488 0.36213561815264 0.4435150272383 0.36304108208592 0.44149137026046 0.36843670638654 0.43712037963282 0.37755825597625 0.43206950194365 0.38640228675004 0.42950863362777 0.39001685173462 0.42697439713507 0.39512990073242 0.42069805316704 0.39504264693521 0.41653007693071 0.38923133237432 0.41471395200224 0.37911941690849 0.42299724501609 0.36609578813721 0.42769093898147 0.36963155359289 0.42357109685391 0.37660281513756 0.4243639099245 0.38521554103385 0.42918966009532 0.38010990037733 0.43133319769933 0.36483259462526 0.42456534750316 0.35983432864948 0.41609663553246 0.36490892482829 0.41209806635425 0.37138405028573 0.41044447218265 0.37919056050325 0.41197296455533 0.3959728053394 0.4154289310529 0.40258057538343 0.41965566840903 0.40838095382149 0.42532080296347 0.41118058990831 0.42801834468883 0.413035273624 0.43060289628224 0.41859105920736 0.43730432069132 0.41949017313384 0.44565778380631 0.41577753582194 0.45118022777972 0.41048468755739 0.45406233568187 0.40647805697237 0.45502001691082 0.39883912785547 0.45192271203539 0.38059732219596 0.4414180679155 0.38518390859255 0.44022612360525 0.40210855821094 0.4443559749227 0.40686846480802 0.44434909132429 0.39763791823489 0.44722057958494 0.38884092454854 0.4522348098407 0.39276828616461 0.44930534915364 0.40215794715275 0.44580202252298 0.41247365079993 0.43801929974198 0.41391486715919 0.43596586428052 0.40914001482011 
0 0.54229013518671 0.1179843053416 0.54803918210116 0.10811004451063 0.55440102107325 0.10710476337326 0.55954042106391 0.09848333561579 0.56552905433636 0.0925841792941 0.57120185709148 0.08703815390638 0.57771246430528 0.08584329429261 0.5706753407054 0.10085247611759 0.56968327797018 0.10158790097976 0.56541387629038 0.10809748110375 0.55901157098578 0.11148568010501 0.55558686040299 0.11492738379323 0.55153109290073 0.11718104824535 0.54641918803795 0.12419933447004 0.54202992968957 0.12199094321458 0.54489453435181 0.11053658927312 
0 0.53494623567808 0.14425547818496 0.53883870070959 0.13601479734127 0.54172392451923 0.12828285921643 0.5330354834676 0.13608254905626 0.52744435668756 0.13953342497654 0.52243699346358 0.13610206944755 0.51520141455772 0.13325244509752 0.50766138486815 0.13671190528625 0.49932090028784 0.13945757767303 0.49419297676873 0.14456898037277 0.5018596619661 0.14383461384506 0.50920433310142 0.14112104427046 0.52401119761163 0.14431462732242 0.5188558470273 0.15572135621285 0.50274326667702 0.15672277580451 0.4940128645598 0.15246062771856 0.49381142873553 0.15192769751783 0.48688339039776 0.1580112392223 0.47976305859081 0.16625931009819 0.47949136655155 0.16551918152727 0.47143702987109 0.17405735363997 0.46649532132075 0.18050143461969 0.45008518424718 0.18932371074055 0.44721447731203 0.19049963792663 0.44805994980692 0.1967266427478 0.46395577818047 0.19208902111134 0.46851445346675 0.18478474939499 0.47276556252895 0.18155906353086 0.47991566559474 0.17167504275369 0.48682916138562 0.16766723020862 0.49878743996228 0.15796583067837 0.50219621002853 0.16463676576684 0.49883174522149 0.17042903030732 0.5030698909865 0.16932377634512 0.50603373310581 0.1724593861868 0.50639848963133 0.17561392845619 0.50802457859793 0.17765169267695 0.50797957008064 0.18312939669515 0.49676533855539 0.19433233740422 0.49433948886928 0.19887412097502 0.49326655145456 0.20440862227631 0.4899364766024 0.20735477374144 0.48523049948425 0.21440858947403 0.49697062040204 0.20452233443521 0.50013206941625 0.20061155339246 0.50421221653204 0.19276188664721 0.51098842071724 0.18285387695545 0.51076251859314 0.16375705463893 0.51885428423156 0.15883521140159 0.52540536769053 0.15346710379713 0.52509327738142 0.16697309790014 0.51778751986001 0.17683865662049 0.52115573537683 0.18232612083434 0.52123590679825 0.18298534561485 0.52543592034723 0.18110315656081 0.52717038919833 0.17481065259537 0.53173970088514 0.17166128440561 0.5336955398021 0.16110898420859 0.53179696784432 0.15231010903874 
0 0.4320428562763 0.21314717238152 0.43420310882654 0.23072693103527 0.43638555307627 0.23707858413817 0.43682962148555 0.24042833032044 0.43850767341047 0.24036224321258 0.4451937824213 0.22095838630778 0.446309469646 0.21627182981876 0.45227293456053 0.21306568062752 0.45607842032517 0.20716817060389 0.46963692359894 0.20657278214294 0.46604507201185 0.21684946153418 0.46228232871068 0.22375227170919 0.45660875505925 0.22616786133484 0.45010650896713 0.22995987373179 0.44298696582062 0.23702801926917 0.44331202734258 0.24460146071841 0.44807292101155 0.24956928270872 0.45216307002007 0.25596856086266 0.45820976115423 0.25319466622341 0.46208010294204 0.2508135158553 0.46433881162384 0.24568213780242 0.47020539849923 0.24040022566069 0.47404221036826 0.23244082903584 0.47775228745302 0.23176621548233 0.48108698100123 0.23008158219555 0.48008429125499 0.23638090653867 0.47399642045311 0.24025264679884 0.46938586046345 0.24871720586969 0.46102013673195 0.25530133977728 0.45523521388411 0.26167886327827 0.44154856135972 0.25822398920556 0.43785676898511 0.25201991496452 0.43195815274724 0.25668575885345 0.42944986558589 0.25779336467002 0.4276260829583 0.26016473943347 0.42372823596548 0.26476567214173 0.42148554594 0.26676321965273 0.42065148855235 0.2689129321416 0.41832182224566 0.27205265772844 0.4147009807976 0.27467778277249 0.41277265363436 0.27897616422193 0.40554472315817 0.28644624167151 0.4017483734319 0.28966052104194 0.40029778642682 0.29499182212548 0.39578716722468 0.30624979622686 0.38951121986725 0.31904611827307 0.38498191934436 0.33121871516198 0.37326095130069 0.3468979536754 0.36028240152571 0.34935717019965 0.35611825413894 0.3519111664551 0.35239215839786 0.35279028961942 0.34695323852666 0.36146957299444 0.34094397635046 0.37363994899951 0.33912668396402 0.38491860739813 0.33396288964386 0.38014776523272 0.33993441030296 0.37066861618572 0.34484448009603 0.3582558815876 0.34882281106941 0.35272820066399 0.3511781005279 0.34722239198604 0.35866279816144 0.34336957108271 0.36517223841077 0.34023454912542 0.36990601954765 0.33872443658311 0.37507707622916 0.33819738601831 0.37870479397846 0.33263525042814 0.38321767923443 0.32732064751065 0.38418637817334 0.32021569545235 0.38358892136226 0.31168681316442 0.38758592774473 0.30769899491902 0.3853657419779 0.29928207487117 0.38153814265355 0.29169769729911 0.37557842110228 0.29008138538184 0.37014145472576 0.28889569800011 0.36001992998132 0.29944858616072 0.3558111647762 0.30689749692095 0.35006054529483 0.31273009576391 0.34679258312467 0.32231202084698 0.34119464878702 0.32610567954199 0.33859861064492 0.3288559380448 0.33255731115606 0.33230798989226 0.32712604898398 0.33436409857712 0.3256467889754 0.33047695367081 0.32431942411603 0.32657475689652 0.33365197143155 0.32925904588419 0.34160902407725 0.32319455420013 0.34798874698343 0.31020820232064 0.34843938400892 0.3104063460515 0.35424719694024 0.30288793799457 0.3605419037582 0.29131410985101 0.36647639148804 0.28348231719899 0.37350819109402 0.28026226112026 0.38033814994524 0.28185048304286 0.38679195521242 0.28135094917422 0.40077162609493 0.28102426195609 0.40632690244537 0.27389404210912 0.41322132579177 0.26968810334267 0.41907118280258 0.25948893407963 0.42592592430525 0.2521095206161 0.43107673595036 0.24264412991717 0.42814118732146 0.23360418967418 0.42534065728615 0.22373051705625 0.42761006430197 0.21680124851955 0.43048685869861 0.20889302060043 0.4448756045191 0.19794735601514 0.44956399185501 0.19990705541528 0.44434143362517 0.20421857585694 
0 0.27030529638143 0.65284857228102 0.27166547858764 0.65507989411661 0.27166547858764 0.66165426279825 0.26671078804159 0.66731682760041 0.26384540205384 0.67500974325175 0.26280872150027 0.6703014483914 0.26025698861738 0.66705730047044 0.25518556016424 0.66626378480527 0.25681399332444 0.67458029464339 0.25799101552458 0.67999144118286 0.25373794247106 0.68276474785852 0.2494215787793 0.67799553996993 0.25573800845803 0.65975608616478 0.25031362258721 0.66263733795065 0.24639975923443 0.67341588681055 0.24144663212238 0.68282095268242 0.24673099149498 0.68723985635787 0.25942941013371 0.69104445117571 0.26483551129439 0.68987769190436 0.26723768462504 0.69810800648766 0.26930065314052 0.70360641093374 0.27380634953608 0.70320682689531 0.28186904717375 0.70398188448426 0.27979803026022 0.69841469240719 0.27849473675355 0.68985817583039 0.27636495872023 0.68390269259649 0.27086462097648 0.68512577002536 0.2695643749215 0.67919898385216 0.27471363060245 0.67057484665721 0.27703875810316 0.65887872689125 0.27637331967743 0.64913475904194 0.26625367028788 0.64754431213601 0.25833748475076 0.6557092503466 0.2576045335491 0.66126267903539 
0 0.2682216989622 0.62709529653497 0.26911905627563 0.60146608110706 0.26906717145709 0.57853667690566 0.26172250032177 0.5664065101739 0.25786169158797 0.56601492641104 0.25597953853952 0.57023745319718 0.25104352633718 0.58005820909173 0.24149695414518 0.58515244325456 0.24036533375046 0.58097578507503 0.23967168686164 0.58084372845204 0.23915088518156 0.58007431220299 0.23571468805009 0.56100336737576 0.2397006767226 0.55002279449757 0.24327721291144 0.54065782798034 0.24145155492896 0.52141460272916 0.24015013891567 0.5178949350685 0.23832674484852 0.51389972245379 0.23754456558107 0.50339445031593 0.23799480703352 0.48888938810919 0.23729123639175 0.47585201038454 0.23519427706895 0.46613802867848 0.24011505201283 0.46023887235679 0.22973137015844 0.46418928214571 0.23284281841392 0.48132406995225 0.23227739890121 0.49067633645587 0.23083900166655 0.50046616546543 0.23286227522136 0.50985629682445 0.23411297869703 0.517869652634 0.23460901006464 0.52189120601767 0.23415759850249 0.54751242514073 0.22745890881673 0.55493886796554 0.22497085979735 0.55162005639443 0.221173734894 0.55066931926448 0.22119967730393 0.5408289173033 0.2182629496165 0.53146172460703 0.21697301798082 0.52543733204002 0.21436400856817 0.5206199111368 0.21015524325673 0.51356434802032 0.20655424922359 0.51189347308161 0.2055072541917 0.50447512742724 0.20844359118018 0.49511474678957 0.20654315337357 0.49036282491057 0.20037018818774 0.49585664848872 0.19773179821446 0.50447159964559 0.19945259264632 0.50917766036317 0.20082574315721 0.51478049191616 0.20824214680431 0.52917066567039 0.21071566182295 0.53858619705662 0.21306063688879 0.54798325848416 0.21183056033142 0.5524824813927 0.21076106104032 0.55584151739974 0.21074699587831 0.55739067621045 0.20916552469012 0.55967480484093 0.21274245166826 0.56492508454134 0.21854495611476 0.5668187976818 0.22502883952074 0.56641792410407 0.23020638193536 0.57307849327875 0.23181418623242 0.58366407221513 0.23512785825004 0.59081735488078 0.23174933020761 0.60050722350452 0.22687817390539 0.60822883835421 0.22217603396663 0.6220057660809 0.21851174670446 0.6302109156145 0.22290710983187 0.63695180061599 0.22372054503465 0.64086881407282 0.22532108233134 0.64202980698364 0.22588845533878 0.64501795555619 0.22952187738432 0.65214007615141 0.23937866266054 0.6513487947479 0.24529181289879 0.65909004100659 0.24880349306446 0.66128220446688 0.24853492661669 0.64809441626042 0.24171215329641 0.64236177122827 0.23708174362292 0.64096876788364 0.23049862474597 0.63325868369538 0.22829367618189 0.61615940888986 0.23305152979016 0.61051413524764 0.23708252502079 0.60132144206317 0.24092997400921 0.60647529573433 0.23891318605688 0.61150050297132 0.23623548973016 0.61303250090935 0.24301435066812 0.62451377761482 0.24776071760751 0.62019366228715 0.25311376185284 0.6142347688644 0.25207372128843 0.60432898695582 0.24848413575516 0.59893971252587 0.24509795035083 0.59493310003207 0.24855664947746 0.58650628822389 0.25415575591192 0.58079210524857 0.26014712407692 0.57532580772407 0.26228870391582 0.59308077952855 0.26515408997595 0.61074602177238 0.26373514681445 0.62155797300844 0.26103080692762 0.63393037330407 0.26065268849853 0.64428864551538 0.2609686076572 0.65225719849914 0.26823888971533 0.6440808591816 0.26628000339609 0.64214810525856 0.26669742613802 0.63786361455607 
0 0.54723950941765 0.74241200807442 0.54419321992688 0.75667353276457 0.537346846213 0.76325484461317 0.52877436460522 0.77426081779661 0.52457897062743 0.77169071127378 0.53704241360301 0.75152544100657 0.53169773031488 0.75313199276878 0.52882320197206 0.76504166601756 0.52248887828212 0.772868990344 0.51728618412642 0.76827323159926 0.52199440971025 0.75598573293605 0.52515735200672 0.75020475715052 0.52795866336916 0.74790123332752 0.53388017456461 0.736745920521 0.53641667018905 0.72632226675814 0.53741248363404 0.71878433472285 0.53135056473626 0.71614085034176 0.52562665956719 0.7145721634359 0.51879020960625 0.71456875694055 0.51317617847248 0.71975588935107 0.51026047046194 0.72328249498212 0.50819554845179 0.72830429203028 0.50662056290587 0.73632564100075 0.50503791966082 0.74355112577815 0.49967113150753 0.74990971701208 0.49672329935 0.75740848727444 0.49384955240505 0.76396110649897 0.48909169891698 0.76632213316283 0.48890095969702 0.76162759653196 0.49565880103228 0.74277713346569 0.50109123530116 0.73109488483557 0.49623953592895 0.73540348204537 0.49362747913052 0.7431481384929 0.48446747277507 0.76082608454168 0.47930976968666 0.75966050548539 0.47979892475302 0.74994758186843 0.48207826233858 0.74355230170537 0.48552203902939 0.74276337511762 0.49040046220874 0.73269226432514 0.49457984685396 0.70749708362161 0.49285452035793 0.70253043755848 0.49280186266253 0.69773829908976 0.49071787449172 0.68751666961747 0.49067363890394 0.67387403277543 0.48805548720213 0.66530034766172 0.48132812038378 0.66441722634497 0.48158910727222 0.64674045369836 0.48680478177209 0.6506896875601 0.49332305505471 0.65107091785616 0.4990217898615 0.64442764010878 0.50040673076741 0.63836314842472 0.50405124857091 0.63139483910544 0.50745994049737 0.61810827301535 0.51234977208562 0.60776834526814 0.52336255924009 0.5926880198484 0.52613105189201 0.588102609379 0.52999451737856 0.58517878402352 0.53682721662973 0.57866414741264 0.53944458693367 0.57540965133244 0.54038929695799 0.57101368273271 0.54626962848571 0.56982517312574 0.55214456836814 0.56766969859365 0.55843928536525 0.56796485631736 0.56364808369544 0.56450598409222 0.56630592009829 0.56643285837933 0.56990004820787 0.56641451391523 0.5766716423167 0.56562216672097 0.58417961496702 0.56846438280152 0.58864671030783 0.57268690952579 0.59230419931596 0.57381462369724 0.59327634746471 0.57965521884506 0.59431873224906 0.59111933298217 0.593100834444 0.61227567417239 0.58761729675445 0.60990547533612 0.58500985020345 0.60638345582109 0.58479004298274 0.59460807375783 0.57979723387398 0.58169238805192 0.57640533128301 0.58170156733428 0.57354605075943 0.578930612513 0.56651346975557 0.58169238805192 0.55895891496164 0.58208397181477 0.55263755228405 0.58599182007998 0.53830757489364 0.59539923756863 0.52718415119041 0.60783149255803 0.52114127951624 0.61651312778743 0.51599733734081 0.62287054293354 0.5063855184267 0.6435847355018 0.51421778183263 0.63028664532528 0.51988369778494 0.62136958947323 0.52587999811314 0.61901773510107 0.53448989932225 0.60629149831514 0.5420901657007 0.59473319241043 0.5544239059537 0.58787636098839 0.5602157051028 0.58294640385347 0.56234705620973 0.58521899377206 0.56547186636911 0.58522016969928 0.57849464359248 0.58676816720823 0.58418117776276 0.6057540995911 0.58234286113479 0.61839872703031 0.57718751055046 0.62166121941538 0.57693106641596 0.60364224546181 0.56598085858455 0.5949238102073 0.5548504710507 0.60595624147439 0.54966683386349 0.60403500515188 0.54567593224113 0.60403500515188 0.54340119504628 0.60610088051828 0.53923018105214 0.61150508908735 0.53494772033403 0.61717117664076 0.53116895837654 0.62559445472613 0.52345953071571 0.63374892773926 0.51207050048703 0.64715155244594 0.50759121533946 0.6675350748044 0.51130129242422 0.68753501408157 0.51578668157682 0.69292664022975 0.51805382025396 0.69458140076751 0.52073683720565 0.69735588756885 0.5251001630196 0.69811035834209 0.52698035323645 0.69959167792774 0.53149480128815 0.69812412079951 0.5342625125422 0.70078489124346 0.53883181472434 0.70213991213998 0.54385293096535 0.70281289127802 0.55343270275614 0.70318495863025 0.5639159365744 0.70251890947407 0.56885610062774 0.7000716914051 0.57511344618524 0.69360302932397 0.57822301900723 0.68517974952057 0.58219330158256 0.6729082437775 0.58770661053094 0.67701940281276 0.58631548790373 0.69065392575722 0.58076787558887 0.70311028725393 0.57772620624175 0.70713419249198 0.57480588798378 0.7095457839652 0.57167881184951 0.71961007437999 0.56944293044262 0.72445959809539 0.56702168054682 0.72938038299827 0.56293154183093 0.73526801523354 0.55558764180086 0.73497638529139 0.54887855969266 0.73348577677462 
0 0.40468627314194 0.55269614736241 0.40399723650055 0.53593000452233 0.41142356371323 0.53498950616528 0.41336026484713 0.5447114841762 0.41362812152267 0.55820489585832 0.41492306062576 0.56972416098045 0.41622634757881 0.57544869211502 0.41980523463822 0.57540283095476 0.41994259770673 0.56356076631169 0.4190902555695 0.55181537790003 0.4173252274028 0.53923272182353 0.41492384202365 0.52877790599024 0.42009372005471 0.52649155076234 0.42163058010767 0.53203816411365 0.42244323391256 0.53772483039282 0.42386333965713 0.53964606022944 0.42403884840255 0.54298204003541 0.42858220139151 0.55248600917426 0.42720334671086 0.56294529353085 0.42747042850268 0.56673954018946 0.4311561259739 0.56413274480336 0.43519892227153 0.56448528777375 0.42408385013593 0.58062559395902 0.42195564162962 0.58326107495778 0.41856906317732 0.58383634554789 0.41211642920419 0.58642820665874 0.40390565667023 0.58989742704311 0.3986586481158 0.59460924968502 0.39225485815525 0.59941855669065 0.38822582033932 0.60636852154583 0.38342560920752 0.61601818003481 0.38002645033507 0.61609402733831 0.37672004338974 0.61842059927597 0.36321420633237 0.6335962923905 0.35793859861591 0.64205625981993 0.35178048014555 0.64786816786981 0.34881710686497 0.65333893391762 0.34789716715311 0.66046223044002 0.34299475505916 0.6581896335602 0.33803358184542 0.66239957047909 0.33437992168685 0.66751673522204 0.3304816839951 0.67488226804864 0.32119422333665 0.69334691660606 0.32636528001816 0.68577688534566 0.33178122679199 0.68121558138357 0.33442532090307 0.67499257471483 0.33958989198226 0.66861457598849 0.3418100777491 0.66723874114602 0.34377693432661 0.6630897221446 0.34823637196829 0.66205619974076 0.3533948481441 0.6588132226449 0.35579702653473 0.65695396927307 0.35821177531112 0.65689317383755 0.36204859513032 0.65107433334266 0.36680793327435 0.64527054471576 0.3734448142194 0.63759373926687 0.38027978520285 0.63177725062636 0.38607579822198 0.62531188536456 0.39200153494051 0.62020400436895 0.39663724996699 0.61261904491072 0.39982926026422 0.61148450406389 0.40561723056376 0.60677961927353 0.40920673795724 0.60519024250538 0.41257276556002 0.60236871628711 0.41904594365139 0.6019219880771 0.41913369463215 0.60094819621044 0.42456004079472 0.60286025386331 0.42794583784914 0.59735151188296 0.43113472263544 0.5945345783087 0.43273798782108 0.60361579359593 0.43367660996939 0.61473665458742 0.43080660670684 0.62558411250814 0.43081200530715 0.63156017446781 0.43206192238432 0.63536582762012 0.43242667890984 0.64055531188501 0.43499138299737 0.64283367080805 0.43681211817327 0.65066217086394 0.43568276383237 0.6554507815511 0.43649463621886 0.66042095539579 0.43107064800852 0.66048068743689 0.42590685136565 0.66080560117836 0.42450205427572 0.65546230563753 0.42403728560677 0.64980891809772 0.42299724501609 0.64291986627079 0.42332308793593 0.63695297654317 0.42221506572888 0.62520287096327 0.42143444923745 0.62204598279066 0.4222356878948 0.61893047519426 0.42112993176956 0.61429215411108 0.41074820153456 0.63031886573018 0.40925714453032 0.65699994287816 0.40921134820467 0.66953098089908 0.40476488806463 0.66667383061506 0.40398349017531 0.64872141527902 0.40502509356177 0.63382712116385 0.40541579250643 0.62787046773604 0.40791485285946 0.62134089684989 0.39739426822304 0.62315758675966 0.3977383958448 0.63499270592398 0.39903411594437 0.64677949448094 0.39851370495008 0.65941153949926 0.40003218929095 0.67108355756286 0.39667772637663 0.67892111225809 0.39408630450921 0.67107544366528 0.39435181747805 0.65812883300532 0.39257538756135 0.65373863156817 0.39253530185064 0.6470069133984 0.39174132944336 0.63656021686302 0.38939713577541 0.63066905684619 0.38517156460731 0.63846416057001 0.38438407183435 0.64961018640327 0.38861573788609 0.67192646216985 0.38802929289593 0.68313681122019 0.38444892785752 0.67851117943656 0.38256677480907 0.67027968892605 0.3789783613726 0.66284171910106 0.37641818939272 0.64447702905059 0.37290189897961 0.64825281365238 0.3695965859913 0.65115018064617 0.36966644296084 0.66189427456723 0.37245822126927 0.67181957038863 0.37376995938694 0.68330097065537 0.376113371657 0.6937982332418 0.37376917798905 0.70432066910657 0.37045354503487 0.69654167143623 0.3675179948745 0.68829066489135 0.365161215404 0.6792851793149 0.36368234179603 0.66899699236388 0.36148122213722 0.66644758222446 0.35892753575965 0.6640003601575 0.35241161520481 0.66794042178719 0.35214414271406 0.6780977280424 0.35763377530699 0.69749135438068 0.35814122020269 0.71153591936473 0.3542342307561 0.71763028336951 0.35082858126083 0.7079747452446 0.34851111145924 0.69998220334624 0.34643360894339 0.69105361912015 0.34465405343521 0.68155083822433 0.33912019372286 0.68417374381288 0.3328129063992 0.69213312030424 0.32291384562823 0.70654740482613 0.32162422658428 0.71722952738449 0.3193761449135 0.72201931049348 0.3185001238797 0.72785297117626 0.31803620384675 0.73934471960224 0.32037157182461 0.74946756837895 0.32031054048595 0.75486836689561 0.32187107437421 0.75898411215087 0.32407828473348 0.7678816478364 0.32818671845215 0.7753299708212 0.33178966588899 0.78205933190627 0.33187851082676 0.7831020265685 0.3370434771911 0.78866475026279 0.34072838867824 0.79595914437504 0.34533285376452 0.79969941607029 0.3521498469185 0.80794243066752 0.35376530887407 0.81484171323527 0.35741170203246 0.81797685278528 0.36153232555789 0.81610383591597 0.36333704207747 0.81372446478755 0.36516043400613 0.81415508933397 0.37320484693365 0.8081984300224 0.37685014613502 0.80426765811818 0.38078917279556 0.7990471292437 0.38387545996104 0.80245320242422 0.37839957997061 0.81200184900914 0.3729690991964 0.81770921175096 0.36984233562128 0.82435602274548 0.36647599545935 0.82865203764292 0.36106419009423 0.83675946783216 0.35578365957119 0.84078913521522 0.34994489841013 0.84352222525016 0.34511688018354 0.84942367477895 0.33908276476491 0.85402862927452 0.33314984516056 0.85606696975109 0.3271408955435 0.86499208092983 0.32380010709191 0.87260690344911 0.32311372720327 0.87962225003306 0.32012855708103 0.88329819850961 0.31444818110922 0.89654807600622 0.3073576205611 0.90066264533426 0.3053121553579 0.8925976661175 0.31434363007427 0.88274927568528 0.31666985153201 0.8733430338862 0.32031476003444 0.86492547641233 0.31823194401308 0.86028147878134 0.31387619786869 0.86906074205937 0.3055715794506 0.88586477725079 0.30292256253294 0.89488178714145 0.2995497367687 0.88900215106251 0.30683681888102 0.86750929424649 0.30989216269086 0.86344523099237 0.3117522021796 0.85925483787746 0.31725558737504 0.85138048822165 0.32324500204536 0.84314898595187 0.32476927914569 0.83216253316021 0.32715120999538 0.82224758524757 0.32876549985414 0.80969244555005 0.3294900900986 0.79838908037374 0.32643662164365 0.79012548705024 0.32324578344323 0.78276676971928 0.31934027875129 0.77718911174936 0.31645926480616 0.76939283190141 0.31282740564814 0.76168615770731 0.3040336321637 0.76995092695803 0.2986462064121 0.77443873558436 0.29628755694278 0.7791505583453 0.29359767291654 0.78180897700202 0.29186695822018 0.7869972854708 0.28879863976074 0.79093969905445 0.28467723483744 0.79875890948311 0.27935200835626 0.80591548492567 0.27556754219432 0.80777591937376 0.28313428660417 0.7919835696439 0.28696344872425 0.78388531168694 0.29038089230685 0.77304584979725 0.2856989906917 0.77703412454232 0.28520374072196 0.78201111889042 0.28318007651933 0.78599821770827 0.28039744056597 0.79258529160022 0.27653131832666 0.80069613197839 0.27145910847565 0.80511855905153 0.27380822489097 0.795428683608 0.2778617263394 0.78539884760638 0.28213190941707 0.77662760650382 0.28911721904767 0.762980383201 0.29096006440778 0.75802631943361 0.29455035319913 0.75131988892925 0.29620129061798 0.74520941833786 0.29946612719665 0.7405849700054 0.30137844220287 0.72820445581218 0.30088819685236 0.72865918685504 0.2979476367167 0.72249133117133 0.29406010417576 0.72046332714621 0.29276439022843 0.71849152884612 0.29047895773948 0.71731677755754 0.28546738436316 0.70935399024115 0.29198182370991 0.6969344311263 0.29823800416503 0.68870294061579 0.30310533149464 0.69979381981103 0.30917452688744 0.70320447504088 0.31222150974007 0.69685400184583 0.31602316665514 0.6882814926593 0.32009612491053 0.67588134048207 0.33189913973051 0.66013614076266 0.33674357210254 0.65301284930892 0.33469427804978 0.64517059090494 0.33334480392902 0.63664747066023 0.33129972942476 0.6342175289995 0.33106507564453 0.62872254457507 0.327146291525 0.61287622018632 0.32663197111105 0.60287860484298 0.3248138926879 0.59321624634039 0.32585588674698 0.58401779111271 0.33216504942553 0.59521779200382 0.33312273065449 0.60209661326423 0.33574697725968 0.60559452627195 0.33567681228268 0.61414869099438 0.33656689804423 0.62239052945618 0.33990346694733 0.63932317537944 0.34382881914515 0.64442764010878 0.34835233141214 0.63851931155503 0.35136884469597 0.637353726884 0.35267143497746 0.6322066934605 0.35392174472756 0.61943224943416 0.35135625924216 0.60952305746796 0.35194191694541 0.5997240559788 0.35157145621544 0.58833685407446 0.35123451745408 0.57892132268823 0.35689050965345 0.59158100199542 0.35808323536157 0.59657869253627 0.35813582343819 0.60177158699 0.35918282358915 0.60638910027159 0.35938543491122 0.61274533949051 0.36334962258317 0.61823574352232 0.36883465031801 0.61579545323697 0.37428309785388 0.61256271799851 0.374869536955 0.60353430184194 0.37403430077221 0.59939903629936 0.37155430021374 0.59648908020817 0.36758854974606 0.58866293868316 0.36100699177017 0.569921599155 0.36465377562749 0.56248596883646 0.36940507077721 0.56756174847797 0.37586613179786 0.58599182007998 0.37819047790071 0.59415910475819 0.38266827839233 0.60044173093526 0.3883158314947 0.59766383149674 0.38887516198535 0.59264780313864 0.38731431384526 0.58946456824591 0.38542489379662 0.57894894985749 0.38314673405875 0.56621354795913 0.38308718579021 0.56002840614578 0.38183077615571 0.55495039977813 0.38607501682411 0.55102409649652 0.38965734127255 0.558262281105 0.39122013705119 0.56878012663547 0.39589554710919 0.58328177828694 0.40585836994631 0.57904772774361 0.40841089061618 0.5715018027999 0.4080254987978 0.56649377140757 0.40764323896 0.55933143410259 
