0 0.43217178692478 0.55182219827771 0.43780332137083 0.54216336755668 0.43238542110232 0.54278918797202 0.429268268721 0.54063713166187 
0 0.37825533392388 0.53779032137771 0.37982423023337 0.5474894945606 0.38549584472318 0.55110911603207 0.3870456692577 0.55483092557602 0.38985877972797 0.55771676848338 0.39480206497582 0.56414872991958 0.39987958846061 0.56757209663721 0.40215970750164 0.56954035620397 0.40555159314271 0.5703418755313 0.41224762590649 0.5656130019452 0.42008832840941 0.56002734781131 0.42325745051323 0.55818419953985 0.42560242557907 0.55435325621208 0.42612892464019 0.54679922530237 0.42305373332446 0.55112628456899 0.41877128230024 0.55227351913173 0.41113202416809 0.55980791979839 0.40235653539379 0.56299350654548 0.39930884928308 0.55923148029177 0.39603901783461 0.55767314158478 0.39316792156585 0.55315781637566 0.3899694256663 0.55036381338154 0.39272947922123 0.53826234670958 0.38524978253405 0.54484588467243 0.38211192310919 0.53938077105626 0.3914097763593 0.53435097770323 0.39590774298921 0.53700597792478 0.39804439125053 0.53326112838717 0.40372937331086 0.53059694775439 0.40454202709522 0.52517204286684 0.40049696474377 0.52472072201282 0.39601080329495 0.52236780930619 0.38835591720541 0.52961857633557 0.39543155305423 0.52478857301146 0.39853049886519 0.52958753185786 0.39583756738726 0.53103109174136 0.39402636526537 0.53467941416631 0.39181227440192 0.53189117321539 0.38893391720954 0.53143068012932 0.38466982903525 0.52766053997803 
0 0.3336702561417 0.22035149028704 0.33808390386823 0.22183915577016 0.33394421423477 0.22639646157981 0.33491978947494 0.22309316452139 0.33001659598313 0.22186044005222 0.3265106200219 0.21786981355354 
0 0.3520426391308 0.1655054231792 0.34716999829568 0.16575460214993 0.34518251760624 0.16433582840629 0.34288184306701 0.16249963569885 0.3415116619027 0.1599898543056 
0 0.33724679233055 0.1626092321126 0.34847329180235 0.16842348649146 0.3484675875979 0.16731011863167 
0 0.30845681680829 0.16962750087734 0.31513760844955 0.17962983738937 0.31901029443097 0.18255577941378 0.32151584669977 0.18172439889322 0.31758940054493 0.1776305259876 0.31431730097818 0.17528431606593 0.30833436789807 0.16884952491097 0.30865216628062 0.17197935530891 
0 0.35909545816182 0.24812064253115 0.35542382585225 0.24851623991359 0.35455702119553 0.24165646867359 0.35866163119697 0.23880108228034 0.36267199435067 0.2357952948 0.36432676589453 0.23401186779613 0.36534320296782 0.23630164904633 0.36608412974761 0.23982943060457 0.36237405256912 0.24269692904783 
0 0.35924767961396 0.25047249696272 0.36623673143169 0.24988453335483 0.36937646621144 0.24748906751655 0.37054395276838 0.24307181463475 0.37155469637072 0.23871557665928 0.37350819109402 0.24279112081543 0.37468106932588 0.24751082216949 0.37894476126421 0.24905481456481 0.37327392250532 0.25155483576242 0.36935779080236 0.25627982878881 0.366431377641 0.25700561104806 0.35983942707345 0.25516763685622 0.3608104753926 0.25135444237456 
0 0.30943356416994 0.23077571609828 0.31482090789301 0.22489608001934 0.31735130861407 0.22121273935813 0.32019231498828 0.21939769574641 0.32486539108608 0.21431273507726 0.33012036562021 0.21487143441447 0.32427480629768 0.20960045839558 0.32000032553172 0.21160082813182 0.31473276621332 0.21653254915753 0.31077162599307 0.22153880781827 0.30649800476477 0.22694021031066 0.30748085084453 0.23106852197501 0.3111917094209 0.22783589805881 
0 0.31099635994857 0.25752806025745 0.32091565499615 0.25956407582682 0.33144546012744 0.25996036328853 0.33741127658209 0.26575837484074 0.33327690045415 0.2666414961798 0.32822109995841 0.26747230374593 0.32331407761703 0.26693430205653 0.32114882412043 0.2659731141764 0.3201682479339 0.26577391211108 0.3197374632884 0.26372979788351 0.31551385152375 0.26808213958463 0.31456570334881 0.26391818141872 0.31177775783789 0.26667020381231 0.30901387148545 0.26109948395369 0.3045498273617 0.26113629047461 0.30067752831386 0.25927761996429 0.3018141533512 0.2560667507827 0.3006329104955 0.2522363877864 0.29789840865092 0.24633383664894 0.30806533646574 0.24135906104037 0.31959095533318 0.23930118841274 0.32057840367564 0.24343764558234 0.31505063886667 0.24310803319208 0.30493442762775 0.24459286088378 0.29985377867975 0.2484278101892 0.30377834947971 0.25163350529117 0.30781731692777 0.25134587350146 0.31378844688794 0.25024508806257 0.32481733083853 0.24988453335483 0.33022343641313 0.25040701323609 0.33538565888478 0.25139867263211 0.33535745042169 0.25248675805739 0.31963525644706 0.25341231500219 0.31079530234852 0.25368443989641 0.30827138722978 0.25635908628116 0.31138705889323 0.25811602386534 
0 0.35616631010792 0.25259588410026 0.35941364337432 0.25544950660272 0.35997562472212 0.25788755643762 0.36218252672517 0.25869706471252 0.36353543899655 0.26042426656344 0.36569881713827 0.26052645463591 0.36408788729035 0.26318604915267 0.36194365339644 0.26192286816938 0.35909655211884 0.26194356448785 0.35517854506099 0.25924833937736 0.35319184597175 0.25782899526376 0.35219337077984 0.25659497727468 0.353747727422 0.25452969635777 0.34868966087244 0.25377063535915 0.3465365971826 0.2526934860567 0.34659613970026 0.24697859752507 0.35229940647074 0.24888606901361 
0 0.3641314164222 0.18462057287863 0.36181659810284 0.18810415665586 0.36511347199417 0.18808981034419 0.36698874874137 0.1886921202489 0.3635461494031 0.18954360912435 0.36076694634464 0.18907394380622 0.36214048751978 0.1845901334457 0.36488342846136 0.18200403437807 0.36374071747754 0.18609048189836 
0 0.38151751945953 0.19255808158519 0.38107266394265 0.19912506383653 0.37761131141083 0.20079074802292 0.37493361158031 0.20585959883122 0.37119415393565 0.20544108634569 0.37409423951101 0.2007895720957 0.37682835072573 0.1963057616219 0.37995010776321 0.1901993061233 0.38112682051487 0.19461595421282 
0 0.37116399742606 0.19373400880098 0.37546050816376 0.19020565613011 0.37057873040696 0.18961826354572 0.36877017960443 0.19403717968052 0.37039251786125 0.19545605342324 0.3727267932047 0.19285206338914 
0 0.33014060823687 0.20578151726606 0.3350243450451 0.20960902621411 0.33830636784169 0.21028602394507 0.34088482921499 0.20872708080227 0.34710584553059 0.20554445034535 0.34710662692846 0.20809491881924 0.34293068043386 0.21250464576704 0.34787466289447 0.20924850338879 0.35315214596581 0.20669850528577 0.34854197667509 0.21807654155285 0.3520731917875 0.22070050547587 0.35357792966494 0.22255117968133 0.35609270242861 0.22258845657313 0.36160101043063 0.22725371249847 0.3647220698013 0.22658766734027 0.36760800655301 0.22845433415545 0.36354536800521 0.23108464808528 0.35811910152379 0.23343532653026 0.35568410948261 0.23630164904633 0.35329561061467 0.24073489453785 0.34906621650579 0.23900720660879 0.35143830601847 0.23546685833693 0.353738194368 0.23106969790223 0.34951036305486 0.23220025020671 0.35140353381327 0.22536917159005 0.34831685594886 0.22143487200358 0.3441622416161 0.22048752888736 0.34027814722579 0.21605594586901 0.3363429494148 0.21379828326445 0.33189304482713 0.21074016702433 0.32739578752856 0.20959293246159 0.32350403543913 0.20842617750756 0.31999235527345 0.20636030862705 0.31784733998167 0.20459065580472 0.31493272592815 0.20574306444708 0.32051964255585 0.19630519044431 0.32682958663226 0.19755577225229 0.33303310431885 0.19862317811351 0.33443368186028 0.20049559029176 0.33619644187908 0.20049559029176 0.33773024319245 0.20339179803851 0.33389576756686 0.20248233595279 0.32974990929221 0.20196432338427 0.32549683442591 0.20203042713518 0.32480818848345 0.20571378386015 
0 0.22953336393329 0.18261492855124 0.22458516179919 0.18759427462798 0.2209753379699 0.19370474506501 0.22489451722357 0.19119954978778 0.23066420295871 0.1869724273102 0.23653804698527 0.1898668715078 0.23310536810473 0.18631098528981 
0 0.23579142132088 0.16962750087734 0.23852740782142 0.16726872599472 0.24457144220283 0.16434043211595 0.24668285738621 0.16133052889045 0.24965662563711 0.16110202856288 0.25261702722715 0.16575295585187 0.25878428805258 0.16683292737956 0.26134821074224 0.1707821612413 0.25494098263106 0.16940703198989 0.25180546983273 0.16933351907339 0.24890038640029 0.16820182421688 0.25435071468038 0.16961258406202 0.25959389438525 0.17141373431812 0.24304412192695 0.1728176912004 0.24592396377528 0.17480947666819 0.24047520043762 0.1731552825247 0.2391039231696 0.17580111876022 0.24458746085915 0.17727102777995 0.24923123025827 0.1792783355373 0.24301474357791 0.17903491860364 0.23736523683814 0.17799106526285 0.24433866377748 0.1797033328385 0.2475070000436 0.1802051009688 0.24556420819612 0.18257765165944 0.24203799621626 0.18109279123126 0.23832174390215 0.18109974637197 0.23210838253775 0.17721883387975 0.22878478475532 0.17202417553524 
0 0.28814047168602 0.15316451985631 0.28443343870213 0.15405342109211 0.28114187831632 0.15281940310304 0.27822116935941 0.15589080732036 0.27507651177308 0.16199892590302 0.28009300795598 0.16117611197747 0.28227998751614 0.15904533186247 0.28403891416499 0.16110085263566 0.28828619903787 0.16337805330686 0.28985438642233 0.16116860371693 0.28914659623207 0.16599002277258 0.29341490743892 0.16639370103392 0.2940311143148 0.16201209628751 0.29809188276342 0.16199892590302 0.29912965727401 0.16631222682157 0.30224915384894 0.1681575918576 0.30396760404372 0.16879672578032 0.30340710735187 0.16664407347348 0.30454904596381 0.16433818026072 0.3055170378793 0.16698744421181 0.30784216538002 0.1655129315493 0.31122069534872 0.16810702698732 0.31275528659743 0.16964821465576 0.31491709797076 0.1699726529664 0.31396707444092 0.16691735895152 0.31481942323706 0.16404184660235 0.31271558761301 0.15991812274725 0.31045914498503 0.1587501741313 0.30830569059625 0.15748583495556 0.30416904841449 0.156105513823 0.30014375542915 0.15368700218093 0.29574956450958 0.15383234678113 0.28696837485205 0.15375248346421 
0 0.28677302537972 0.2013775357036 0.28970248606677 0.19904180819176 0.29302420849426 0.19636492754536 0.29924217856723 0.20025099743087 0.31350190828916 0.20231065058363 0.30669945295522 0.19946665397794 0.30391571922518 0.19645970727656 0.30082443111334 0.19374837196362 0.30456357619884 0.19130173786025 0.30802188689002 0.19199306545295 0.31408873808922 0.19643040990678 0.31721854911602 0.19554846449494 0.31232027843079 0.18930936442888 0.31623984828438 0.1846659807492 0.31220166223418 0.18368806259651 0.30825193042283 0.18175885355977 0.30629804504995 0.17882362171059 0.30394815098693 0.17735147846634 0.29834216450105 0.17873460402261 0.3031815996575 0.18109279123126 0.30747475210174 0.18374664087512 0.30685049334374 0.18726640911415 0.30196675665887 0.18926750142105 0.29737495021809 0.19138333029662 0.29341490743892 0.19220555549548 0.28699282928415 0.18758851258477 0.28680240262333 0.19045601102803 0.28968302586953 0.19398555647705 0.28467762553637 0.19764998077431 0.27979388885151 0.19636492754536 0.27406460153197 0.1952131068666 0.27058839682958 0.20017234458846 0.27697155788638 0.20279630851148 0.27430003671008 0.2060433962504 0.27973661238767 0.20609619538106 0.28516670246294 0.20550246974481 0.28990853729469 0.20929436454904 0.2951436686015 0.21347325699022 0.29907433430484 0.21693565699692 0.30316213911976 0.21985477864364 0.30044748844278 0.21734158706155 0.30214538421186 0.21245184663639 0.30705006235963 0.21055013719106 0.29740886288562 0.2118730552754 0.2912271461996 0.20761666923266 0.29009013415958 0.20601576196153 0.28951322811247 0.20408077377683 0.28701259865025 0.203090290308 0.28774977274136 0.19961364487992 
0 0.27312332965828 0.20553692441136 0.27560489301249 0.20848532664502 0.27954587630141 0.21630406650527 0.28555740139773 0.21313680786147 0.29166668250124 0.21548009432599 0.2962814620394 0.22014817247657 0.29046137628742 0.22078033476409 0.29912356237063 0.22305988578203 0.30176078018045 0.22740070339673 0.30533044385313 0.23077571609828 0.30899933748508 0.23307643355306 0.31099714134646 0.23107087382944 0.31353550839755 0.23137745395461 0.3184196398971 0.23253960692196 0.32246852698236 0.23405374663742 0.32372689436134 0.23983801487303 0.3288112897693 0.24134473037656 0.3327129700885 0.24601220503324 0.33624449328324 0.24642908675101 0.3377096142887 0.24610065028794 0.33986041658209 0.24800870974008 0.34420615617637 0.24541908289089 0.34460716956304 0.24943616775126 0.33755474123095 0.24959750496119 0.33307085032181 0.24812064253115 0.33033673910709 0.24841462433509 0.32872510158429 0.24612828457681 0.32525687142863 0.24253616418337 0.32169705286573 0.23935341527965 0.31310167630036 0.23348706732644 0.30884595295717 0.23574753636663 0.30595844953583 0.23478870112872 0.29952418505836 0.23198670182972 0.29735588411007 0.23220942243877 0.29479758748507 0.22524746312629 0.29200393382175 0.22379248841895 0.2888684185905 0.22411173656641 0.28618697696273 0.22284163369629 0.28619158390868 0.21490069868515 0.28190452263703 0.21723822306189 0.27445647256357 0.21459179892962 0.27134119846357 0.21048522601039 0.26982114226144 0.2142472522641 0.27443584365981 0.22133150800392 0.26922439158141 0.21720198824645 0.26679361621576 0.2087517752738 0.26779208925029 0.20440462412388 0.26996765436199 0.20533889827322 
0 0.25497528599754 0.20020160848781 0.25655683528556 0.19057031115051 0.25845266279674 0.18644421783999 0.26074348693098 0.18491337875536 0.26513884994736 0.17967922633119 0.26997297075938 0.175795374021 0.27212259635289 0.17668306417206 0.27484678079942 0.17719061162728 0.27959853938411 0.17821848958064 0.28367602974715 0.17549915796282 0.27225918175431 0.17373632551817 0.26085030401975 0.17917451838292 0.25379865708553 0.18786873603321 0.25018852078829 0.19684316035952 0.25067533166104 0.20019586313218 0.25161090175829 0.20343540833122 0.25273947227331 0.20604962866449 0.25469218554939 0.2082046328257 0.25393977754077 0.21439318482789 0.25670405320087 0.2137891110324 0.25903340030893 0.21344515233047 0.2648946658767 0.21264422832403 0.26474205610918 0.20572178016501 0.26731058904627 0.19435761983872 0.27114584899124 0.18933123667454 0.27641872194836 0.18728077244017 0.27840198482643 0.18550251829047 0.28141271081791 0.18424617474377 0.28715801679378 0.18102730925731 0.28756434368596 0.17668424009928 0.28098958387154 0.17934961394093 0.27505736752527 0.18014653979493 0.26922477940738 0.18261492855124 0.26415100676064 0.19089698372281 0.26254969081086 0.2013775357036 0.26094571269963 0.20953611872673 0.25715812094621 0.20811843736296 0.25679719327025 0.2046480410514 
0 0.4217595107594 0.21254884425358 0.42547036933578 0.20814489572465 0.42859142188637 0.20204594937404 0.42996418859724 0.19616631344363 0.42543223029967 0.19689550589172 0.42024398286503 0.19696898457161 0.4147566944657 0.19871736988112 0.41863391920213 0.19843771766413 0.42328260476046 0.20023784373272 0.42019209804649 0.2046044141528 0.41648507500651 0.20490531735096 0.41257808555992 0.20467685126746 0.40907171240537 0.20493343857946 0.40418641292477 0.20431735374306 0.39850830716569 0.20248798040329 0.38858478864141 0.20426621749408 0.39597259901402 0.20547895120108 0.39948967091384 0.20702870563962 0.40354777644597 0.20757010251609 0.40396512104811 0.20871968893321 0.41298253060283 0.20747250055965 0.41609437606185 0.20865477775253 0.41957635652526 0.20907223190359 0.40851926411158 0.21196088064568 0.40334398788158 0.21262118015118 0.39886009248658 0.21143149461703 0.39636407935657 0.21313680786147 0.3936727045896 0.21261435977351 0.38910333016903 0.21083551830017 0.38390593447795 0.21277851920868 0.38674389340047 0.21614214133175 0.39328200565481 0.21548866229305 0.39940269516721 0.21689308843278 0.40612162288857 0.21607662590094 0.41293447463385 0.21612026908609 0.41882848727657 0.22071602771473 0.41763809910977 0.21795189327113 0.41941531709145 0.21549561656484 0.42254090864872 0.21107893523384 
0 0.47762945984564 0.23636137037327 0.48150284918299 0.23191602860584 0.48951521656229 0.22787836501971 0.48446590997929 0.22785778629396 0.48052539035237 0.22494830725015 0.4755050653199 0.22802770777234 0.47467326728773 0.23312874645707 0.47375223361886 0.23866784973016 0.47601859999979 0.23671392911777 0.47743411037331 0.23668406056724 0.47958295456894 0.2340095159417 
0 0.49892715390136 0.25475817901003 0.50204658109105 0.25135561830178 0.50129189827407 0.25718351358322 0.50577048016355 0.25959288604288 0.50986672407546 0.2554690117026 0.51493127622734 0.25635213304166 0.51881841806935 0.25865978782072 0.51712365336544 0.25875515551551 0.51048246559668 0.26247461320509 0.51198040531267 0.26483399351124 0.50737601836618 0.2636867589485 0.5028829806161 0.2627697709288 0.49814115444024 0.25979267607179 0.49329554131552 0.26025998953554 0.4893512095833 0.26311253860522 0.48739615206423 0.25782321798861 0.48137539495489 0.25169959239903 0.48446747277507 0.24987020247564 0.48837828266205 0.24899566542735 0.49021878720406 0.25336576362899 0.49439520253738 0.25445961109748 
0 0.45809451261269 0.22400721272313 0.46063405575298 0.22607896123957 0.46376424977034 0.22549264394459 0.46887155230217 0.22345546768742 0.46554833738616 0.22132292373547 0.47040613166175 0.21901644394041 0.47337833473827 0.22255117968133 0.47255115496297 0.22511715433591 0.47392242207486 0.22753558224497 0.47041832146852 0.23278655163728 0.46691500226005 0.2369700460589 0.46705159060766 0.2308193589121 0.46434491432935 0.22871901939787 0.46103310793659 0.23270096000255 0.45710939667429 0.23350200160171 0.45825555106939 0.22759308508437 0.45121374974832 0.23130631035986 0.44852316986644 0.23392804002122 0.45005540554646 0.22641021992789 0.44734951023668 0.22666114677024 0.446049960067 0.23111908684529 0.44305260324332 0.2340095159417 0.44223994943843 0.23102208875898 0.44360505155107 0.22481284043832 0.44498397709332 0.22222790116672 0.44641018448488 0.22368806608483 
0 0.46239220100394 0.23694933398117 0.45750924559359 0.23518544315748 0.4549788372431 0.23517170061322 0.45223402844281 0.23694933398117 0.45008978705272 0.23606399416202 0.44930073148402 0.24018891154536 0.45146098403426 0.24197396901383 0.44951975730686 0.24837042494251 0.45243015931303 0.24784619660296 0.45400818480951 0.24345540208285 0.45554581953726 0.24070337968927 0.46196258070245 0.24171161965861 0.45631198014838 0.24684195478605 0.45481857254005 0.2495090752368 0.45477739287232 0.2523328138181 0.45188606447531 0.25253154551757 0.45191661713201 0.25806323995922 0.45932536289263 0.25191949078283 0.46234945078768 0.24784102252334 0.46552848988027 0.24401290916177 0.46805655430361 0.24165421877153 0.46766819955262 0.24519577431825 0.46203126557519 0.25610238137643 0.46203204697306 0.25777090446077 0.46997190886563 0.25040701323609 0.4772089815143 0.24346057616247 0.47607048481833 0.24952965396255 0.47325854644486 0.25336811548336 0.47004059373837 0.25777843039476 0.47651080251784 0.2587016356188 0.47997287211571 0.25158294042217 0.48234151528084 0.24753503077768 0.48441784569988 0.24843757038484 0.48622943852071 0.24848813525384 0.48822184680857 0.24835607863084 0.49264158943847 0.25006881657737 0.48974034573218 0.24486616192799 0.48719696536283 0.24488684268773 0.48524808926649 0.24371209139916 0.48149291719448 0.24141881378928 0.47669693149037 0.24099853741297 0.47489456723303 0.23993338256782 0.47257935541663 0.24138094893389 0.47113939542257 0.2389417231718 0.46805271755816 0.23842041892812 0.46394584663523 0.23961588222758 0.46298285190076 0.23663349569824 0.46063405575298 0.23576648458394 0.46043870628065 0.23577340676538 
0 0.41105880718771 0.28684017727884 0.41528476314597 0.28528242653544 0.41625541557956 0.28334732075803 0.41201719167475 0.27864937405691 0.41201719167475 0.27734139024784 0.4194053866714 0.27723979013896 0.42312617566782 0.27723061790691 0.42465544267752 0.2728651058213 0.42101240952997 0.27070610350766 0.42977797455133 0.26720819049994 0.42769328317508 0.26009406620959 0.43195963740319 0.25805924180679 0.43582467276713 0.25407261346054 0.43778277060686 0.25041512713367 0.43621075437285 0.24931845743993 0.43485252859594 0.24752693237194 0.43094624250614 0.24819415345732 0.42874785773986 0.25333083859156 0.42277055473653 0.26218063140857 0.42525672833816 0.26512738734417 0.42000058411055 0.2666414961798 0.41519162051991 0.27130100507109 0.41703752331426 0.27168282862841 0.41743587334113 0.27477822176034 0.41292072203134 0.27450670017307 0.40811934468193 0.27726272071909 0.41059481313276 0.28115633322492 0.41055136741121 0.28276629513538 0.40466643193057 0.28831408441388 0.40221002329325 0.29374463375192 0.40303416362629 0.29892953190079 0.40666953907472 0.29691587418734 0.41042392141868 0.29692044605911 0.41253916545163 0.29280248089043 0.40836431291405 0.29295521948747 
0 0.52275518795376 0.24606276990352 0.52233470848245 0.24022101435754 0.51864901101122 0.24083202612342 0.51849718540516 0.24688499372106 0.5218257059102 0.24864429838415 0.52278416853703 0.25454463063303 0.53056384386634 0.2543516609818 0.53206858174378 0.2554690117026 0.53467150576586 0.25517620582587 0.53796266587401 0.25571996985552 0.5356398825669 0.24870743021182 0.54056559004499 0.24634982925867 0.536786036962 0.24441025495795 0.53501640520677 0.24630102828045 0.53409005803238 0.2454690597963 0.53177102543505 0.24513662518079 0.53254632840124 0.24254358814276 0.52644243894303 0.24426961406649 0.52295053742609 0.24547480629562 
0 0.56553672239392 0.29986144002579 0.56964366109819 0.30044365574558 0.57276465287011 0.30162533084947 0.57882430466787 0.30336687905605 0.57918523234383 0.30225752343011 0.57516228355209 0.30006818219507 0.57101110736996 0.29956745822185 0.5670948975272 0.29758309527272 0.56631812028324 0.30015542182974 
0 0.58920220605331 0.29191700771931 0.5848663855546 0.2898660586916 0.58083273161205 0.28945202915185 
0 0.54971341513523 0.26370167814033 0.55557389930512 0.26517158716006 0.56140921220879 0.26424544195461 0.55514427664966 0.2616438055127 0.5512808111631 0.26223059319338 0.54773170203948 0.26162947433645 0.5514715603862 0.26370167814033 
0 0.51728540272853 0.26193778731665 0.52720398930672 0.26317922877499 0.53542312279788 0.2636494820567 0.53542312279788 0.26196708303158 0.52942605042844 0.26021753856413 0.53093086644568 0.25786627215556 0.52616308920466 0.25899796927718 0.52177844059211 0.25992990677441 0.51728156473946 0.25971106672508 0.51982494586882 0.2622317691206 
0 0.58448562120988 0.27341226474098 0.58777296213025 0.26995221658866 0.58894434475635 0.26522275503896 0.58354247395748 0.26953017632158 0.58225284410022 0.26621488480586 0.58135924825472 0.2621662850969 0.57805048635763 0.26489079079433 0.57497302898808 0.26481964719957 0.57545069750575 0.26321474177601 0.57018696703691 0.26229787134902 0.56966655605577 0.26687634384803 0.5675299017212 0.27369705947452 0.57071878642695 0.27538864556263 0.57254866395792 0.27462899660042 0.57373677941862 0.26861330589459 
0 0.5581134424454 0.25370629680614 0.55791198790371 0.24613745680887 0.55534040751492 0.24493740755801 0.55322970563716 0.24780950767475 0.54853747952259 0.25606557485551 0.542324428782 0.25600701368164 0.54170486816761 0.25089055449501 0.54210087085151 0.25103354724083 0.54736922146728 0.24782091416846 0.54752103717384 0.24599846221547 0.54447179809369 0.24753150299604 0.54191396048111 0.24688040760503 0.5370065474408 0.2502440297281 0.53912030681779 0.25516305074019 0.53813973063126 0.25823892348083 0.5369813864294 0.26273931441468 0.53512017484385 0.26662081487049 0.53407552403201 0.27131476341917 0.53394354593184 0.27995112545191 0.53153137070845 0.28812405458061 0.5346165639169 0.29075495647403 0.53701569943381 0.28075262276925 0.53812066452324 0.27565158288144 0.53896457422239 0.27192624555593 0.53975215484221 0.26376601644084 0.54401771796537 0.25897105574688 0.54247937997954 0.2616386465685 0.54191239768537 0.26554601742241 0.53993600805385 0.26920691393812 0.53996499791481 0.27364486313839 0.54229013518671 0.27723179383409 0.54018628979147 0.27931200902627 0.53952850906486 0.28546551839831 0.53779709732313 0.29038747922838 0.53897075695289 0.29280470080385 0.54370031415075 0.28847659755099 0.54658782357796 0.2687119661855 0.55552661462724 0.25694009664955 0.56569392928684 0.25750396898952 0.57141852821915 0.24906810254202 0.56607470446868 0.24642908675101 0.5641585606129 0.2537039449517 0.5581134424454 0.25400027861008 
0 0.50164751244451 0.27283006319116 0.50829548923931 0.27245564797511 0.51200634772194 0.27339392027688 0.51548302126305 0.27317566819114 0.51865284903484 0.27516461663983 0.52233167029775 0.2757985737797 0.52272009391172 0.27806258639106 0.51527845130079 0.27574001260583 0.5079025242507 0.27500388218734 0.49720792230872 0.27391062268245 0.49291711032729 0.27156112016466 0.49511245622125 0.26991317580608 
0 0.48290389559854 0.28075262276925 0.49696373547447 0.28428735695058 0.50066615486011 0.28466165457391 0.50497760457389 0.28516234982845 0.51238180939827 0.28538402664432 0.50752784397224 0.28339845900477 0.5023953102057 0.28191363033276 0.49673017565125 0.2808181365662 0.49183807800919 0.27939350078027 0.48446894912055 0.27634289571004 0.48485739032184 0.27987067735741 
0 0.51747997080297 0.30992233442171 0.52466514948868 0.3083146067729 0.5317221880682 0.30754919576748 0.52920250193852 0.32426075382617 0.53154669560648 0.32360166019195 0.53409076129047 0.32273629537571 0.53658076374166 0.31038905992186 0.53931635954327 0.30698251645651 0.5428761836037 0.30956283955604 0.54659773745115 0.30397026137664 0.54565912233021 0.30065555782452 0.54503416031412 0.29748890350512 0.53641893624287 0.29370970871449 0.53154591420859 0.29162994951528 0.52938635541667 0.29456859162753 0.53214109546608 0.29515890708986 0.53467072436797 0.29669879802879 0.53935989310177 0.29750958559422 0.54091736563825 0.29989191070987 0.5399566369576 0.30309523986921 0.53409005803238 0.30397718528105 0.52260788517765 0.30551201951031 0.51354172544081 0.30609304513295 0.51239173315121 0.29809932730741 0.50634050990941 0.30485913069289 0.5004853481082 0.30515311249684 0.5014284953606 0.30843807912744 0.50400163861013 0.31133368223044 0.50713026873619 0.31250843348934 0.50903492604329 0.30951687472795 
0 0.53994594151876 0.34190083799019 0.54268613785583 0.34338510639242 0.54580486289286 0.34165966843229 0.55068022876055 0.34137944498384 0.55612250864259 0.34050326163749 0.55881317406669 0.33903217672771 0.56148321058704 0.3363151837152 0.56666528497851 0.33360386165132 0.56845703029345 0.33891740623435 0.56608384682376 0.33937448913157 0.56397008744676 0.34279079279258 0.56646923225303 0.34770064157262 0.56999544641908 0.34958859266987 0.57176421863665 0.35535851459382 0.56967335421724 0.36007656964981 0.57232971627487 0.36143570629148 0.57220836518572 0.36566116544923 0.57786357598722 0.36872433817625 0.57433275157375 0.37129326870696 0.57159255603614 0.3737163842666 0.56807626553421 0.37358538597807 0.56534137292159 0.37159300018883 0.56358400906852 0.36928537303673 0.56512999444436 0.3686089797193 0.56570307164191 0.36546937172518 0.56458895455947 0.3644874725248 0.56453019343967 0.3631186932802 0.56277204823312 0.35339424582219 0.55865595681533 0.35012540343032 0.55691156421129 0.35489402335532 0.55453455189203 0.35829833255902 0.55298550875538 0.36247263888417 0.54779882411648 0.36652182655672 0.54600255655886 0.3647579357776 0.54561637986674 0.36196510871066 0.54894575990944 0.35505593575321 0.54268239692715 0.35579149098373 0.53821755785907 0.35546822860028 0.54222144054279 0.35246349945441 0.53860669399812 0.35105850165248 0.5370203000433 0.35307909733632 0.53509196638076 0.3527339627072 0.53389167067232 0.34926650621361 0.53512556648915 0.34629740766147 0.53543836005634 0.3441148868041 0.5409226888804 0.3413128743823 
0 0.50126674599751 0.35424807375596 0.50126900331649 0.34631174097661 0.50166126504702 0.34212933375041 0.50045634953213 0.3378213245042 0.49825640197012 0.33860272811935 0.49677370813394 0.33984296536257 0.49545509060768 0.34106828152142 0.49445849576482 0.34470978836754 0.49441958215091 0.35074217723942 0.49560082990207 0.35512309397116 0.49047446058699 0.36153213232074 0.48760219829799 0.36284011612982 0.4843003234603 0.36546360968197 0.48895972924076 0.37159300018883 0.49150387414037 0.36873927245152 0.48855526927951 0.36609343628283 0.49364279452876 0.36218558246253 0.49677370813394 0.36100965524674 0.49986951973207 0.36214138019585 0.49993359435738 0.36047285711152 0.50180926180351 0.35898107588326 0.50474872430929 0.35759383458184 0.50791776150915 0.35777585540332 0.51208956659505 0.35501631978267 0.51728540272853 0.35277698880901 0.52183719245889 0.34960235101795 0.52687275474981 0.34925615805437 0.53131086022965 0.3471867613923 0.52744435668756 0.34367908818894 0.52305890802797 0.34212251337273 0.51421246832712 0.3475520043763 0.51161564878715 0.34483267275849 0.51440781779451 0.33770526049093 0.51280227959189 0.33592643543655 0.51049238934963 0.33771854846814 0.50751792911206 0.34448118812257 0.50497838597177 0.35322491230739 0.50068069758053 0.35395409195201 
0 0.65520213019317 0.26722945978769 0.66125334081138 0.26785130507801 0.66200879627169 0.26550979886508 0.65524712608687 0.26458244762495 0.65082277320953 0.26284844045754 0.64994526340199 0.2660535325719 0.65205363113369 0.26555859984331 
0 0.63706516975859 0.26080609012076 0.64442734420618 0.26110007191728 0.64423355753452 0.26327906499309 
0 0.65774627089314 0.25603629426858 0.65910527806791 0.25959288604288 0.66161887873477 0.25982877703641 0.66065361794648 0.25581473430404 0.66200957766956 0.25168407016017 0.66086037582277 0.24752411014669 0.65712202480722 0.24770554022397 0.6565848010998 0.25206189556506 
0 0.61890985909766 0.25814531967681 0.62140204946289 0.25751431714876 0.62411178099502 0.25851973489286 0.61988355898294 0.26052763056309 0.61930509014009 0.26377283681852 0.61733026330431 0.26351566154293 0.61613223572726 0.26053445094077 0.61261132343014 0.26105584190481 0.6052224251754 0.26130444806222 0.61037246225422 0.25965250555121 0.61374606941634 0.25637284462923 
0 0.60695081052778 0.25547018762982 0.6018725056451 0.25517620582587 0.59989837079103 0.25959335641375 0.60519266527681 0.25811602386534 0.6057787136938 0.25517620582587 
0 0.629611349318 0.25987991468902 0.62905506019754 0.25955090544234 0.62899020417437 0.25757922832943 0.62844994568734 0.25457391121997 0.63157475576778 0.25458824221798 0.63472403570781 0.25953597116707 0.63680949637566 0.2598357150068 0.63706822937576 0.25404450880079 0.65087848687763 0.25110469083559 0.64995745320876 0.25071534134428 0.64989712929323 0.24963595778018 0.64367188874587 0.25253732292639 0.64113696818544 0.25135444237456 0.63781602715584 0.25223521185919 0.63117874332748 0.2522363877864 0.62744264569367 0.25222146888421 0.62456202244747 0.25409507366979 0.62456202244747 0.25630099547816 0.62612865892531 0.25806545899506 0.62665210546901 0.25815966598848 0.62899551767988 0.26072401040317 0.62882995142868 0.25752806025745 
0 0.63094901235383 0.2816787976737 0.63290250702777 0.28511814950755 0.63586253243254 0.28134058637714 0.64190843003381 0.28222253178898 0.64777806884675 0.28281049539688 0.65221389583674 0.28347890701015 0.65600180014931 0.28131308431883 0.64993377685331 0.28163221632666 0.6450485555125 0.2804586409653 0.63937882293448 0.27987067735741 0.63357482175476 0.27921040891739 0.62949233044536 0.27771921565272 
0 0.61375372711546 0.27188203069374 0.61237706034884 0.26728109798548 0.60831825683408 0.26870632173501 0.60125136120221 0.2698241581181 0.59992736065199 0.26900829983639 0.59792119976164 0.26781742339559 0.59448273657635 0.27041106337667 0.59699711864108 0.27155935627388 0.59874229264299 0.27458595766541 0.60174426697834 0.27305054953855 
0 0.56532682856771 0.32332320063429 0.56533675232065 0.31961044572967 0.5667088192279 0.31573645743892 0.57119043818102 0.31833985640511 0.5745570909021 0.32244689969522 0.57742325828771 0.32421655251755 0.57530035655564 0.31897826727444 0.57742325828771 0.31401679529092 0.57045021997917 0.3130384238721 0.56888742424002 0.31098160963093 0.56882788172235 0.30871712664869 0.56708958402169 0.30869525440303 0.56577402256847 0.30721216105168 0.56254240568205 0.31134050260812 0.56103906403797 0.31439062254338 0.56105281664048 0.3183966536882 0.56045763611335 0.32542293621775 0.56539402878449 0.33108902377117 0.56904917359902 0.32994061328124 0.567939666764 0.3276375598873 
0 0.64699745235533 0.29045402229949 0.65263202183675 0.28785241540062 0.65305328599754 0.29362809936778 0.65001465153281 0.29376015599077 0.64783681753051 0.29435047143819 0.64562616481769 0.29545053703937 0.644267860901 0.29244641013848 0.64758350077231 0.29045402229949 
0 0.62956328137191 0.27480985420164 0.62612403678875 0.27806082250028 0.6244132442931 0.27676953685725 0.61727001752856 0.2692965195897 0.62199115710137 0.26899335061137 0.62745178804874 0.27011190750053 0.63254689285733 0.27046325963111 0.63743062954219 0.27224209959812 0.64168487210332 0.27404844134865 0.64661744615503 0.27428502308242 0.65192391908734 0.27433619073109 0.65601712819172 0.27629175764154 0.66609746062426 0.27898873194557 0.66320230337768 0.28639508883891 0.65953410921874 0.2930487200432 0.66125718243749 0.27876026399056 0.65657948759429 0.27781280472978 0.65183765276254 0.27610748985148 0.64170847031898 0.2763647827198 0.63995493535986 0.27458819192707 0.63741539228373 0.27428502308242 0.63324210254189 0.27492932840375 
0 0.65617887755481 0.30133134904553 0.65939681761305 0.30287935372611 0.6626887686978 0.30476495296899 0.6604719429418 0.30603505790868 0.65637500842503 0.30544591837357 0.65481143124851 0.30456514888894 0.65266562194514 0.30485855677301 0.65242979606811 0.30160241439475 
0 0.64074626924078 0.31338460300735 0.63899115922752 0.31184356425833 0.63679121166551 0.30986377324784 0.64038454790856 0.30461513984549 0.64194656224984 0.30340534595645 0.63801059523028 0.30420568199929 0.63376712377046 0.30429928580331 0.63315739901283 0.31539133657873 0.63562364696879 0.32014618449813 0.63820750749839 0.32388811605448 0.64211371554709 0.32308600253759 0.6439046795094 0.32264267797724 0.6460245214516 0.32166032200045 0.64757887809376 0.32309177816407 0.64958582038199 0.3216884266602 0.65324941686776 0.32014853635256 0.65700378663747 0.32191007532181 0.65866957061584 0.32286552977347 0.66042771582239 0.32366022136582 0.66008124400702 0.31692850859638 0.65910527806791 0.3142677243464 0.66050101094255 0.31161331771529 0.65812774933307 0.30986259732066 0.65598882894467 0.30780012465957 0.65478164737596 0.31126935901336 0.65168583969123 0.31220867579156 0.63976952187913 0.31426654841919 
0 0.69563947096537 0.27252113225874 0.69647430280411 0.26614656343635 0.69857962308412 0.2680970738599 0.69811641042703 0.27423964710911 0.69528384314981 0.27364709740004 0.69622551938236 0.26899335061137 
0 0.74196783374947 0.29864131214748 0.74600453514371 0.29842776377049 0.74541465789197 0.30021340920255 
0 0.67317428164748 0.29897949461395 0.67629376514481 0.29140830161861 0.68115765432379 0.28962324415014 0.67668141662791 0.29306941636167 0.67685535579368 0.30180961276494 0.67340392140375 0.30010428315968 0.67317428164748 0.29692162198632 
0 0.73233157165408 0.30249235608917 0.72865275039117 0.30074456136485 0.72455649200017 0.29948139452921 0.72258854146563 0.30082324504125 0.72147520578106 0.29872974187187 0.72126000880778 0.30099316651964 0.72313567625391 0.30369015552092 0.72514636925191 0.3057261558509 0.7211951527846 0.30569168716167 0.71983841166365 0.30008993684801 0.71599010529577 0.29775242878752 0.7153560009246 0.29270135115243 0.72221690863886 0.29185680024738 0.72842386447607 0.2945186290258 0.72842995937945 0.29221908905039 0.73178825114333 0.29368089849843 0.73337620789388 0.29870622332815 0.73700470704106 0.29815436069972 0.74017452563879 0.30162415492226 0.74329941385902 0.30397026137664 0.74139475655192 0.30609939513976 0.73652320967382 0.30503081606639 
0 0.75888384738925 0.30556481864097 0.75676930661438 0.30374236668798 0.75356588790826 0.30476270466119 0.75869381142737 0.30897487594815 0.76073888593163 0.31104075876839 0.76300525231255 0.31363438377001 0.76130664962366 0.30931132265582 0.76300072020491 0.30902604272048 0.76418117796648 0.3098217926473 0.7624795278259 0.30863728119276 0.7624795278259 0.30784258960041 0.76808433846481 0.30951863861873 0.76730981689648 0.30638126488626 0.76462837196724 0.30598509501727 0.76598284703437 0.3039921336223 0.76454976334156 0.3019181367262 0.76132876318337 0.29910121726995 0.76111817645752 0.30315158086969 
0 0.70626615578737 0.25795352595276 0.71186338686695 0.2617081438652 0.71981395391033 0.2642965947872 0.71596041217672 0.26134184254674 0.71146277822406 0.2592264671317 0.703482425877 0.25542657602259 0.7034206311472 0.25463988073511 0.70089865568145 0.25397440821134 
0 0.74799391094757 0.31513133907789 0.75245638107324 0.31216447478741 0.74939033211259 0.31165118257068 0.74939033211259 0.31364238007488 0.75518745991663 0.3102173745527 0.74802741794847 0.30666725037792 0.74720640320691 0.31066468335723 0.74607323493563 0.31397256661524 0.74932164723986 0.32108788064627 0.75048460168915 0.32403910510517 0.75233049787645 0.32285177142539 0.75584139664426 0.32568069945694 0.75655418778089 0.32578300512213 0.75818105814535 0.32518810355869 0.76013839694335 0.32832771155281 0.76143253282045 0.32893519553714 0.7603352157922 0.32460707793605 0.76435363247629 0.32462942055259 0.76652232412352 0.32862627946536 0.76521442036942 0.32319514216372 0.76866585475935 0.32833923563923 0.76831025606984 0.32480686796497 0.76889552308894 0.32607004894825 0.76925190316153 0.32431309613953 0.76499461314871 0.32044016630207 0.75866716576001 0.32078178679973 0.75557283019648 0.32109423065307 0.75285700376098 0.31909490556721 
0 0.71927675711724 0.25987991468902 0.71014876552173 0.25510329833849 0.70521159510952 0.25281742878212 0.7003621479042 0.25111162880599 0.70014773232879 0.25187586388422 0.7099434923014 0.25804371956794 0.72119593418247 0.26278188297881 0.71751861186628 0.25929195108113 
0 0.71614200904161 0.27779847314507 0.72158735067596 0.27982706513377 0.72706095031195 0.27835656818758 0.72614452689051 0.26845079275747 0.72845818231673 0.27105817610717 0.72926855557308 0.27511700638265 0.732530735399 0.27835656818758 0.73180888004708 0.27233687932931 0.7347528746605 0.27369705947452 0.73513974474573 0.28092150056586 0.73725420738081 0.28131872876932 0.73924966312035 0.28361895993801 0.74177623499185 0.28805855543634 0.74698737738407 0.29314349977439 0.74548865627021 0.296346843022 0.7440853587052 0.29398297987407 0.74034018198714 0.28962206822295 0.73840114317378 0.2860885246215 0.73490009001913 0.28339845900477 0.73121900279534 0.28138481587718 0.7325444880015 0.28280474795437 0.73373869836558 0.28516812641295 0.73533431281526 0.28627973038196 0.73685899102479 0.28803562485621 0.74210746954876 0.29541327442897 0.73881629986189 0.29198133093639 0.73529619524615 0.28957207688765 0.72845285433703 0.28286907117145 0.72377057637871 0.28280931946966 0.71903786954627 0.28222253178898 0.70973745168445 0.28276629513538 0.71130249947617 0.28081578471183 
0 0.69113727721511 0.27840194426489 0.68785524988331 0.27668051916926 0.69778753376311 0.27781280472978 0.70228135302458 0.27928271374951 0.70830740144207 0.2802088886911 0.70849821880182 0.28334391056919 0.70560759366289 0.28717661004678 0.70931393402844 0.28898411327976 0.71009992815488 0.29368782214291 0.70638899153247 0.29065958877923 0.70275900772934 0.28462437768211 0.69879935216504 0.28139175384757 0.70013780857584 0.28508886892061 0.70184867921129 0.28987524534612 0.70515203870493 0.29368089849843 0.70811127057681 0.29717199112847 0.69853156711514 0.29110632351723 0.69759218429078 0.28722082490898 
0 0.68548589526317 0.30361771840625 0.67945444138747 0.29990566905795 0.68249759539054 0.30605000619794 0.68564233111666 0.31274550041005 0.6864527188472 0.30835070773751 0.68880223943384 0.31426654841919 0.68938444551407 0.3077920247314 0.69388132571441 0.30779894873236 0.6952495534186 0.31014962723672 0.69619191927312 0.31284663014805 0.69763108421024 0.31744062488592 0.69912216135806 0.31372857553762 0.69781807272043 0.30960824427031 0.69833621764775 0.30960130629991 0.69951286030272 0.31372857553762 0.70108025254634 0.31862972245648 0.69938164985745 0.30932743285827 0.70147243613708 0.30804296759291 0.70283308424738 0.30283749071829 0.69856893165243 0.29748031923666 0.6954876317142 0.29684814078142 0.6931090565992 0.29543738093628 0.69173248151878 0.29546430966884 0.69052756597346 0.29403119288992 0.68787587878706 0.29375157172232 0.68374142451934 0.29223109787071 0.677997759479 0.29416326383016 0.68376588227265 0.29626934942043 0.68606272317049 0.29781051959051 0.68923644875757 0.29801712999711 0.69598210028607 0.30052291323793 0.69408885138787 0.30394450857127 
0 0.47180788129999 0.52998264339238 0.46747128728451 0.52794075501827 0.46355967980808 0.52388252111458 0.46302176551467 0.52116424783124 0.46419386231903 0.518899764849 0.46121095409171 0.51446240361233 0.45749931421121 0.51388136922632 0.45907047857645 0.52035473955634 0.45907125997434 0.52387675056051 0.45908039466051 0.5259541520383 0.45808989472104 0.52651448134247 0.45730849685146 0.52888021165543 0.45692163438083 0.5318280259255 0.45175174218153 0.53293045766245 0.45028053371951 0.53445891957538 0.45106723764778 0.53747224123325 0.45649740586284 0.53563484679117 0.46628464859866 0.53153404412898 0.47191165093707 0.53359191670462 0.47767219417139 0.5347172790217 0.4796264702432 0.53910289946219 0.48270854612621 0.54033973158154 0.48543882015628 0.5426330328748 0.48886735958862 0.544461246871 0.49018065498802 0.55319332937668 0.4951811325146 0.55646275973214 0.49521013095741 0.55090815007597 0.4933993109526 0.54688542076511 0.49700109491973 0.54342878280162 0.49668672992971 0.53935102009845 0.49130392290871 0.54063948351624 0.48891088344996 0.5385677349998 0.48606378217236 0.53594259514959 0.48470555639546 0.53321750148857 0.48192871103267 0.53121713175233 
0 0.38480907413561 0.53803151220295 0.38255145941082 0.53930621727266 
0 0.30708937050198 0.53710475581091 0.30356846601194 0.5400376439824 0.30689323963177 0.54327719776657 0.30829084403673 0.53273290189519 0.306503322085 0.53710475581091 
0 0.38227789201668 0.40683296327373 0.37873565919431 0.40306517497681 0.37582870283991 0.40512187162527 
0 0.34967555546982 0.40187312599535 0.34761484810283 0.40087065966215 0.3472268059208 0.3978641666255 0.34367316468953 0.39722222797461 0.34264219306807 0.39863815022472 0.34147548318134 0.39833841805964 0.33896031971874 0.39830172913144 0.33870198958306 0.39692707025091 0.3337637113269 0.39744153839482 0.32877737710176 0.39600726000595 0.32334228608012 0.39563402071709 0.31979091090268 0.39157060432559 0.3148545080014 0.39342809890872 0.31079030140215 0.39133976981896 0.30868537182108 0.39622198431013 0.31363279642713 0.39744847636522 0.31822429042477 0.39952127156378 0.33284150556122 0.40604050594303 0.32896319351515 0.41275740202993 0.33067359531187 0.41576953951708 0.33427388599595 0.41727848928226 0.34557782199663 0.42010694694294 0.35040811106721 0.42339119398094 0.3549064623228 0.42656759752689 0.35674212219801 0.43450970311806 0.36041977644794 0.43834181463206 0.36789649864646 0.43795246514075 0.36686630903481 0.43626899705713 0.36652866167576 0.43293984032464 0.36417032476559 0.42859678844828 0.35924846101185 0.42537557110745 0.35486371985934 0.41987152632028 0.34384905734997 0.41387699101411 0.34384022755405 0.41191332149576 0.34806923096399 0.41340392679684 0.35158552137709 0.41239098311875 0.35519339162051 0.41099233532362 0.35280114702709 0.40798125617094 0.3510330730833 0.4075392251417 0.35177477594111 0.40504837617614 
0 0.32896851140289 0.37365087281645 0.32852897071902 0.37830061880882 0.32742516808846 0.38123467473081 0.33210363155298 0.38299738958275 0.33247487368082 0.38429514282531 0.33586910974669 0.37510009778646 0.33398883205313 0.37432034046937 0.33229476147188 0.37254104504412 0.32818711351357 0.36806521854146 0.32628245184398 0.36476593208247 0.32134988198204 0.36159879478185 0.32189240233312 0.36424345509015 0.32373298501491 0.36742564419194 0.32486460968819 0.37070530511392 0.32470019929788 0.3759585246323 0.32721036615192 0.37453281822829 
0 0.29969124792288 0.34694969447159 0.30469938314858 0.35209954999031 0.30169858091004 0.35027696754825 
0 0.30181493474909 0.33513925649942 0.30568792959338 0.33783625877946 0.30666928717778 0.34127502264972 0.30400729905549 0.33955758099445 0.30127310977005 0.33748312784548 0.2963706976761 0.3339197156935 0.30396377894471 0.33660916551915 
0 0.29126606324329 0.33161147485205 0.28931826934401 0.32930961075319 0.2865677488431 0.32743141985158 0.2892835752786 0.32401158840902 0.29162354933884 0.32783970177059 0.29168574860926 0.32862921928332 0.29107071377096 0.33161147485205 
0 0.23481998748942 0.34395753469061 0.23973732428268 0.34337074700993 0.24262935593778 0.34339263232641 0.24516397620733 0.34107629095527 0.24751731217114 0.33570653705275 0.24338981456478 0.33228094356698 0.23305653073665 0.3327455523982 0.23129455663603 0.333404659586 0.22976114141803 0.33018579409954 0.2350054152124 0.33043554763627 0.23968426736734 0.32896563861653 0.24653181547773 0.33183891253773 0.25043341088061 0.33543323830336 0.24946049476689 0.34459606316878 0.2469160265105 0.34630999008236 0.24438140848632 0.34898687072876 0.23954197481529 0.34806012251341 0.23382870615208 0.34778742499895 0.22930707110455 0.34802331599248 0.22645926649693 0.34769781934737 0.22426689843887 0.3443095027534 0.21784404220804 0.34273858162552 0.22188300975813 0.33636517386967 0.21882610307533 0.33225283890723 0.22613568963096 0.33780521430175 0.22605786240118 0.34137779868578 0.22895036296807 0.34300786895113 
0 0.20864698905077 0.36396383214884 0.20492159647365 0.36483836919713 0.19910002591866 0.36602111676089 0.20003707826753 0.36806521854146 0.20049224253805 0.37031430932455 0.20238205333337 0.37453281822829 0.21038567749429 0.37212417885665 0.21641783478046 0.37803133148321 0.21449450201569 0.37459715372898 0.21371841763202 0.36981418749231 0.21430219999513 0.36777818716233 0.21332162378382 0.36646326538286 0.21274549912003 0.36202249395734 0.21253561564696 0.35746812796565 0.21332545263348 0.355724933505 0.21335178574235 0.35313871684465 0.21901574834307 0.35331616425703 0.21980136578099 0.35419693371941 0.22207835923046 0.3586078365944 0.22254579144785 0.36248074019369 0.22362169820166 0.36520525847919 0.22548673868388 0.36592751295688 0.2293108999542 0.37420098385999 0.22837767645499 0.36889719947261 0.22970620914641 0.36742729049 0.22821741174789 0.36270006320196 0.22681066112775 0.35758231049542 0.22624750766892 0.35752033913271 0.22314324827403 0.35271385435232 0.22018401632739 0.34930154884375 0.22270832220883 0.3504918223415 0.22407154896654 0.35213047687531 0.22559543113028 0.35246926149762 0.23106521635551 0.3581060684641 0.23740375768497 0.36886568462402 0.24126230036495 0.37217239187128 0.24228139946645 0.36709603180169 0.23813936563939 0.36446395398108 0.23383409977631 0.36011278820714 0.231108349519 0.35336730427134 0.22695795462989 0.34991820506013 0.22269378820809 0.34579610990204 0.21762392242262 0.34444214733999 0.21721868947722 0.34489122089994 0.2125734353048 0.34077490081748 0.21019681362444 0.34278278340203 0.20838373610185 0.34683880453794 0.20221991327134 0.34694969447159 0.20163003600469 0.34920618114896 0.20646415404696 0.35271961639553 0.20084863811537 0.35164646524552 0.20339161940637 0.35741532883499 
0 0.2693816059598 0.31897826727444 0.27306534993636 0.32137210224714 0.2734755056781 0.32542176029057 0.27563349217451 0.32903679564602 0.27914298442615 0.33161948452481 0.28150350925036 0.33541831729944 0.28525375018561 0.34331960724816 0.2883686398697 0.34476082360742 0.29110275108443 0.34802284562161 0.29365721543421 0.34965456218501 0.29467740849273 0.35299407780076 0.29670185409323 0.35470975556526 0.29966687195135 0.35653338344543 0.30160887643461 0.35570364922293 0.30592188011553 0.35629902115725 0.30924696246995 0.35629161281597 0.30724580252596 0.36212703388418 0.30317776707715 0.36248651482497 0.29887476528895 0.36013630675087 0.29500668955497 0.35890064246373 0.28872495730723 0.35132543712372 0.28075039798366 0.34479069215795 0.27744047474791 0.34065942476781 0.27501923832859 0.33460128309055 0.27226410456089 0.33368370710725 0.27070592197956 0.33019896448402 0.26644675370146 0.32467820798777 0.26395604799218 0.32243831542676 0.26313112626126 0.31838229367444 0.26003686883752 0.31254688630832 
0 0.23406914227655 0.30903345106175 0.23675363465748 0.31310556931443 0.23856975958596 0.313672836589 0.24027985096529 0.31514849383103 0.24574963619052 0.31669191204654 0.25020375804675 0.31779433006655 0.25336255893452 0.32168960258738 0.25958623668613 0.32842766536363 0.26181712760378 0.33418500486668 0.26275113247729 0.33751182046882 0.26505031756873 0.33962306697321 0.26860552445307 0.34621473998029 0.27051627380622 0.34864056017246 0.2711885885332 0.35035165182092 0.27251251389966 0.35072264396303 0.27562856936794 0.35580407340462 0.27940318991672 0.35925153913606 0.28409610924183 0.36306752787437 0.28637771288121 0.36813930195606 0.28423348223943 0.37924453556109 0.27585790964266 0.38536018007774 0.28309990509791 0.38806293112223 0.2846199583736 0.38540274864188 0.28677872626788 0.3834337761615 0.28931256852 0.37778156454889 0.29068993516427 0.37569382342272 0.29302420849426 0.37623122214676 0.29355305509819 0.38162684644737 0.29209020014655 0.38460805704952 0.28999551027526 0.38606467805492 0.28749722160896 0.39349229272843 0.28969795056884 0.39600149796274 0.292248120656 0.39481873862784 0.29411386434919 0.38978260703915 0.29637796823521 0.38397070451467 0.29853290372101 0.38017704581965 0.30200567027278 0.38130934610713 0.30571121524989 0.38223609432248 0.30747545535983 0.38335687052353 0.3092389960955 0.38098608372367 0.3111917094209 0.38043539702243 0.31261103657806 0.37842409116336 0.31678815516946 0.37332244865927 0.32249298473568 0.37449719991816 0.32248798378931 0.37252716910332 0.31719409136271 0.36902760979754 0.31470799992284 0.36076566298086 0.31134353109381 0.36042169163885 0.30962891364227 0.36306752787437 0.31194833304487 0.37071105477699 0.30865599126119 0.37423766049713 0.30494052630636 0.37777403861489 0.29791255195235 0.37248354220472 0.29418176782405 0.36961498542699 0.29107071377096 0.36600852184105 0.28927935573011 0.36519091216752 0.28814429718476 0.36307612471607 0.28609539383094 0.3601346604528 0.28459096851264 0.35811288884178 0.28013114332051 0.35425608285687 0.27852482057153 0.35137376773106 0.27637222572041 0.34961669732962 0.27369453150094 0.34367109188408 0.26993975845804 0.33871702824184 0.2664894989688 0.33567725646582 0.26552345397876 0.33007725602026 0.2627312849714 0.32512954238483 0.25957592223425 0.32138186244279 0.25594101562455 0.31768521774062 0.25417982296631 0.31254629834473 0.25909137741533 0.31314284620623 0.26650551482125 0.31070832415289 0.27035983795273 0.31313426193777 0.27251251389966 0.31456053022314 0.27481474348677 0.3148556879543 0.27994649585544 0.31720636645866 0.28418995512597 0.31971780788176 0.28874105073775 0.32193359386612 0.29221342659059 0.3236297648517 0.29220881634316 0.32166608404366 0.27996900011408 0.31480337298569 0.2654799328958 0.30632903971262 0.25766134117421 0.30601319967702 0.25508749473161 0.30950429230706 0.25124879955752 0.31040058400829 0.25961944872591 0.30366887123885 0.26548454036486 0.30308831598708 0.27055331206524 0.30574225203195 0.27582813838383 0.3078059006722 0.28052644935424 0.31073759084461 0.28458143545863 0.31345011597995 0.28893178995772 0.31594319920716 0.29051787135339 0.3177431909509 0.29180788109627 0.3183460888192 0.29220811308507 0.3180383486746 0.28345208435011 0.30986377324784 0.27974536404381 0.30661562717445 0.27778163305777 0.30662879755893 0.27622797967369 0.30441017573695 0.27197951945679 0.30213181681392 0.26724268557141 0.29910356912433 0.26216891292466 0.29930394711683 0.25981479819824 0.29937509071159 0.25767056166907 0.30162533084947 0.25379787568766 0.30406445314425 0.24949026365203 0.30489700959199 0.24397625144557 0.30924699943874 
0 0.25144414902491 0.28814639719714 0.25275283417688 0.28805796747275 0.25281159529668 0.28615402376576 0.25713788274138 0.28896225547885 0.25727681785374 0.29339266441175 0.25908645460875 0.29714447443232 0.25897924682104 0.30125669180204 0.2571329599348 0.30007559053634 0.25502037265461 0.29311880530349 
0 0.24861580364854 0.30122576491705 0.24829378723414 0.29603275287059 0.24687367474596 0.29287139022353 0.24675576180744 0.28814639719714 0.24927584807662 0.29185045024058 0.25157612712509 0.29609084367359 0.25164981294419 0.2998017170947 0.25318205602664 0.30160923477243 
0 0.22776756098301 0.29576064331974 0.23095652390911 0.29612012426052 0.23054175790946 0.29144569610313 0.23497603264398 0.29599606394239 0.23536673157877 0.30657940861712 0.23230451340797 0.30774780986921 0.23093206615517 0.30574802809656 0.23090307629348 0.30221329445737 0.22890035350315 0.29787707706924 0.22097424401286 0.2945186290258 0.22053236350645 0.29339785282474 
0 0.21840071006439 0.28751420426003 0.22695561043622 0.2910138956404 0.2225038303812 0.28663225884818 0.21857660272927 0.28721904652886 0.22015885531535 0.28869013147581 
0 0.22919837865814 0.28582264748473 0.23341706772278 0.28687510231627 0.22816974647664 0.28280931946966 0.22484263240372 0.28193550257842 0.22175181305252 0.28050345845121 0.2217159468894 0.28243045033104 
0 0.23324726996143 0.28310447720082 0.22699608684689 0.27957551962624 0.22391019030239 0.27775425828287 0.22562864054058 0.2754609502982 0.22894497132263 0.27753377193548 0.23265739269478 0.27847192664454 0.23848849420752 0.28197971744061 0.24181326400279 0.28454512018977 0.24029930563048 0.28051721679929 0.24207120343954 0.28099664231305 0.23954650692293 0.28687627824346 0.23622556597722 0.2839209380394 0.23246587207211 0.28104660457319 
0 0.19835261883752 0.32975399363681 0.19283930974986 0.32753995793086 0.19552309894051 0.33316747507256 0.20276282852483 0.33838917974236 0.2064786880477 0.33990153969638 0.21016665166591 0.34156265443943 0.20352133145599 0.33577721027663 0.20238205333337 0.33042815269259 0.20492159647365 0.32984758402837 0.20736268347988 0.32792354537896 0.21155886828531 0.33248649563911 0.21758993161443 0.33421310952643 0.21758993161443 0.33313255003514 0.21386414833837 0.32956102398557 0.20968288823263 0.32548208535521 0.21859684093461 0.32308600253759 0.22774349392802 0.32049133278477 0.22800604361883 0.32156613023285 0.23133729910057 0.32692212578729 0.23419002452697 0.32695893230821 0.23090838979912 0.32191007532181 0.23266122154444 0.31779433006655 0.23759840389428 0.31947780114308 0.24223334568859 0.32308600253759 0.24476679167022 0.32337423587416 0.24598311559401 0.32685837704584 0.25000918997722 0.33014851720774 0.24579386102999 0.32073414810602 0.23847747649756 0.3157645758676 0.23564561247842 0.31302407756043 0.23230451340797 0.31009966424137 0.22989233812364 0.30461631577267 0.2279434536479 0.30203303893029 0.22441301984417 0.29728217550581 0.22093564295713 0.29539316607408 0.21256960645514 0.29232764149269 0.21601377393189 0.29515890708986 0.22094556671032 0.29779558531525 0.22479918668107 0.30316874940661 0.22851614016098 0.30768701443369 0.23110303601335 0.31455360605137 0.22699686824478 0.31549987465801 0.21995889559548 0.30715243793489 0.21723322347796 0.30603505790868 0.21448762571426 0.30366134530486 0.20840928781283 0.30632786378541 0.21563260804148 0.30696699421765 0.21859035533213 0.31046090907293 0.22208414157484 0.3134270678071 0.2191878121583 0.31896450892636 0.21371232272848 0.32102812990997 0.20819940433976 0.32212363731177 0.20311273849967 0.32494115884962 
0 0.29146141271562 0.48536395831626 0.28931748794614 0.48654565702933 0.28677302537972 0.48587043963908 0.28247611838636 0.48742065501667 0.28365735433806 0.49036164898336 0.28367642044608 0.49473352043329 0.28657462514435 0.49523528856359 0.29329589705931 0.49222656126528 
0 0.25053569826259 0.51586693104338 0.253177523919 0.51395369751163 0.25532254173255 0.51180857113878 0.25795288071935 0.51129986503808 0.26066261490815 0.50583133325193 0.26518534589153 0.50082905659506 0.26955062231899 0.49299832227751 0.2723587318429 0.4926595376552 0.27793806891126 0.49359544882677 0.28184576151723 0.49660183354654 0.28364133568174 0.50147205358041 0.2791876022445 0.50001248364332 0.27093064909646 0.49923166797204 0.26821974546753 0.50536166793381 0.26507930742969 0.50799480408888 0.26132414368786 0.51279964257121 0.25685025018559 0.51747454109947 0.25331481552468 0.52381008399992 0.24910417732936 0.52499871119961 
0 0.33932203343635 0.43597501525319 0.34112901136597 0.43463023565463 0.34303367341061 0.43450510623345 0.34651596827884 0.43602558012347 0.34204699758315 0.44010570541118 0.33970280397442 0.43801796428501 0.33778861361331 0.4369005982728 0.34049413027033 0.43509306984135 
0 0.30298703158306 0.45331994168605 0.30761665395486 0.44808566488864 0.30904286522528 0.44391252395975 0.30904286522528 0.43929031750035 0.31139166520258 0.43391021543859 0.31428830710511 0.43975081058642 0.31705219359079 0.43446948640829 0.31940099336576 0.43744492427292 0.31767793292355 0.44105420827947 0.31550463102889 0.44368628610008 0.31356527965639 0.44778592104891 0.3115335670557 0.45560524887276 0.31122569629508 0.46208778267146 0.31213524341527 0.46247701457006 0.3123298114848 0.46590954602623 0.30981433546305 0.46918121064334 0.30650902247473 0.47015734780051 0.29930859738614 0.47326013948416 0.29656987599306 0.47150202053779 0.30080653710212 0.46578771996975 0.30215218237333 0.4625379275983 0.30047686534095 0.4597359282993 0.30396377894471 0.45155605086237 
0 0.25766595400262 0.42186388866374 0.25684102969073 0.41748980339759 0.25296764045123 0.41289626771614 0.24864588511417 0.4083923603152 0.23988383638323 0.40803299696713 0.23210455368809 0.4121176976407 0.238326356242 0.41216248913349 0.24492471217966 0.41209018094455 0.25041020336389 0.41627823438875 0.2522099189371 0.41922500155338 0.25105345009013 0.42344175884994 0.25179554364686 0.42818791856568 0.25180546983273 0.43391714262556 0.25062805708993 0.43796857534319 0.25027666246798 0.44180303871157 0.25512641086234 0.4378112362857 0.25687080094956 0.42951542276605 0.260790764162 0.42567190475835 0.26587141323835 0.42767580227615 0.26801947603608 0.4286392394197 0.27036827704972 0.42722107123329 0.27387917880808 0.42981634253297 0.27368539213153 0.43663530909962 0.27813412163674 0.43839237950106 0.28088354818064 0.43740130806863 0.27871641932915 0.43398147662607 0.27684419003364 0.43004376685076 0.2797064504299 0.42681561153953 0.27505127564206 0.4221590463949 0.27152623055265 0.4221590463949 0.27017324014147 0.42306052325622 0.26895652551875 0.42192939889592 0.26567528236813 0.42178346633213 0.26294913869744 0.41978533085754 0.25707990558563 0.42068796144795 
0 0.29693119794085 0.44832225101896 0.29923186411535 0.4411713306272 0.30420335178097 0.43887697909444 0.30471579250384 0.43779747793762 0.30588445495666 0.43387352651039 0.30929314308404 0.42897108607161 0.31292961248948 0.42592108372908 0.30669405749025 0.42125406391296 0.30356737205492 0.42420775781896 0.30044748844278 0.42797095999985 0.29732111548762 0.43037443757548 0.29356672956091 0.43509306984135 0.28951283741354 0.43794446883588 0.28733008060466 0.44239899860947 0.28230514532476 0.44680754963009 0.28420448912634 0.44689597935448 0.29033283633787 0.45031463486986 0.29768321167763 0.45121727657789 0.29693119794085 0.44773428741106 
0 0.31923424306039 0.47718303267603 0.31864397510971 0.47296615768021 0.32072608787299 0.46799716955968 0.32623361879028 0.46331532302024 0.33069766236625 0.46350018881467 0.33386099536166 0.45981165801009 0.33913050817474 0.46302016528908 0.33643452924512 0.46573374491191 0.33057099777159 0.47419500162071 0.32705392596062 0.48068436556302 0.32354677790259 0.48190850576373 0.31721432956753 0.48276975483482 0.31630548570542 0.48237357540651 0.31716588289962 0.47923972937644 
0 0.34089474828467 0.47329577986744 0.33818736094616 0.47779511246682 0.3322886710346 0.4850688005851 0.32989641699078 0.48788574365058 0.32743892069096 0.48913515689729 0.32704822175617 0.4885471932894 0.32952939441144 0.47883780710272 0.33327611905628 0.4741846632274 0.33711973703695 0.4684990552827 0.33995425780885 0.463660938061 0.34179788794233 0.45892853669334 0.34501771600371 0.46356451203175 0.34619168816297 0.46518376376698 0.34512414239355 0.46810747152973 
0 0.32173596647963 0.45978061353237 0.31259314256684 0.45650212853758 0.31259314256684 0.4548414841654 0.31961767499499 0.45549271264105 0.32560404221362 0.45449704482906 0.32990102723821 0.45717734592783 0.33030125922701 0.45914901289471 
0 0.29614980005153 0.46715320661823 0.29904495374495 0.46118737522508 0.30138609990199 0.45626776624939 0.30044748844278 0.45273197807816 0.29869504377895 0.45333253440022 0.29713646758829 0.4524230723145 0.28190264728214 0.44714057220919 0.28216441556845 0.44682942187575 0.27817155059469 0.44597840337119 0.27383643335406 0.44632988800711 0.26426017079057 0.44479446937159 0.26059158318513 0.44331763292724 0.25707990558563 0.44274460360946 0.25317291613904 0.4421267714659 0.24988596353319 0.44327294769417 0.2416472972716 0.44217157429169 0.23719395235699 0.44267569427636 0.23676277906547 0.43951080384774 0.23505425057072 0.43731511260589 0.23358874083906 0.4312655551971 0.23266122154444 0.42573621698533 0.23251931968774 0.41945348420563 0.23088854229274 0.41333841634928 0.23695890993569 0.4065768348585 0.24204791778302 0.40511493365487 0.24406017357676 0.40269769773116 0.24310936864906 0.4001885043015 0.24399149093955 0.39805018661683 0.24657525889957 0.39553877061502 0.25253271439702 0.39577066345612 0.26317926037003 0.39772869981366 0.26528458342347 0.39687543532826 0.27445647256357 0.40128398646024 0.27969691737589 0.40305022913836 0.28382332324556 0.40510692583877 0.29297114810472 0.41019305761524 0.29750731901719 0.41276657426198 0.30156613397114 0.41484502556338 0.30611793284101 0.41839244510563 0.31021496205926 0.42150441881087 0.31802432659913 0.42802258320332 0.31999196457452 0.43156528819398 0.31938763146219 0.43480026396462 0.32366008059368 0.43643093295468 0.32857781245823 0.43509306984135 0.33186936847168 0.43132187126032 0.33039432371328 0.42944192731692 0.32858351229032 0.42833148835057 0.32467082301164 0.42594977635242 0.31764355141729 0.4236266035602 0.311929579496 0.41751155805054 0.30885743563196 0.41599802216933 0.30714203288888 0.41483020888083 0.30513094919194 0.41395390794177 0.30324606125095 0.41134487829401 0.29947190954089 0.40835684731418 0.29028321757315 0.40369676546846 0.28482031205431 0.40127717769038 0.28126432336248 0.3984108551743 0.27642411053895 0.39747140694534 0.27231145727179 0.3954135343697 0.25942409925358 0.39334765368089 0.25512641086234 0.39123981600814 0.25019844454123 0.39091537769751 0.24028063236318 0.39533204261571 0.23612710984565 0.39975094179556 0.23016520226659 0.40635518405803 0.2277774847362 0.41039859830981 0.22721659733125 0.41793183442684 0.22738834858732 0.42627361572294 0.2282117075433 0.43046862934309 0.22813880312023 0.43446031417624 0.22350917690559 0.43708439569198 0.22852950206488 0.4401355739617 0.22852950206488 0.44180985908925 0.22426119423427 0.44156066952818 0.22012072309836 0.44340382838998 0.21450973927453 0.44420885761813 0.213530725859 0.43809145973414 0.21209076582857 0.43466704217555 0.21077215689034 0.4291985103894 0.2111437897265 0.42686157933083 0.21042115295846 0.42455453874613 0.21217281260695 0.41511490085258 0.22109364161034 0.39740484946661 0.22403115069566 0.39505993306485 0.22677057541603 0.39488189768888 0.22845659764181 0.39237446814999 0.23186841524594 0.39212058547052 0.23750072916059 0.38886679494663 0.24145655587533 0.38694662344448 0.24462106096754 0.38689441227742 0.24676490416252 0.38457242645578 0.25025642426316 0.38498529449082 0.25551789120488 0.38688700393615 0.26137298105471 0.38702586896882 0.27442099710029 0.3900409463501 0.27646302415286 0.39210623915885 0.27911165037158 0.39282520104042 0.28529266379952 0.39602795632443 0.28798864272914 0.3977573807401 0.29068462165876 0.39929162463668 0.2961226819923 0.40338667346949 0.2990784793407 0.40540891545139 0.30068252926022 0.40775971148909 0.30627475939343 0.40862213648736 0.30865677265906 0.4110497205703 0.31120123854176 0.41186968325676 0.31532803511037 0.41799273626937 0.32031968284102 0.42060753914605 0.32618055756179 0.42480370670321 0.33772985249352 0.42917557980927 0.33772985249352 0.4277722283054 0.33346646757731 0.42569365941129 0.32973919973943 0.42193045723039 0.32760106509658 0.42099806456455 0.32569030853842 0.41946959440808 0.32194053644189 0.41656423110943 0.31704226575665 0.41445696959197 0.31387776066443 0.40958322177654 0.30528769760458 0.40370135158448 0.29301467196605 0.39767237290145 0.29268765695763 0.39917097450739 0.28775469220699 0.39592118213593 0.28284501311285 0.39322137090941 0.27422713228885 0.38644603124137 0.26899622339773 0.38364625415065 0.26391252413084 0.38247032693486 0.25257694151644 0.38152983245452 0.24770313091381 0.37922960128583 0.24262404463325 0.38041245430723 0.23968543946414 0.38076618533988 0.23754573975057 0.3833522723467 0.2326650503941 0.38512311315703 0.22996985279426 0.38541014497433 0.22718682607167 0.38770227425426 0.2217307934493 0.39076039049438 0.21508547323938 0.39450865840001 0.20942072924077 0.39893330795588 0.20570299436297 0.41422036176112 0.20615057907397 0.4223829540116 0.20334926764077 0.4315790573849 0.20492081507576 0.44009770910631 0.20062922158805 0.44485421698129 0.19597060551173 0.45625283197413 0.20087231447142 0.45882634862087 0.2039929050822 0.46352888143801 0.20682094032322 0.4606029394136 0.21057297856836 0.45502645751177 0.21620763874823 0.44971408885593 0.221135602677 0.4486162328229 0.22562481169092 0.44744030560711 0.23031702787649 0.44626437839133 0.23090307629348 0.45091177069495 0.22894465876348 0.45713477736369 0.22813497427057 0.47158010210295 0.22991679587758 0.47807415998808 0.23227130399767 0.47742762553691 0.23496728098784 0.47777782633719 0.23692952731792 0.47395500464796 0.23484288445142 0.47121039059564 0.2330519204891 0.46388953830598 0.23485811970546 0.4554582579745 0.2379745688287 0.44978523245069 0.23988915202063 0.45559137293196 0.23892615515427 0.4644843222767 0.23793643869523 0.47389866796233 0.24107195184392 0.47913872686964 0.24473475435757 0.47390101981676 0.24453401324487 0.46715085476386 0.24555811329274 0.4577813021306 0.24461152791354 0.45095433925909 0.24784503043764 0.45251032611171 0.24965662563711 0.45911233411252 0.24985119371155 0.4686081714185 0.25160933896252 0.47623559783264 0.25297756666671 0.47837390382781 0.25570862789814 0.47932240669611 0.26098196956077 0.47184656720331 0.25810548772328 0.4662127000548 0.2562450575356 0.45921452218499 0.25718367265654 0.45296858493613 0.26163013909359 0.45527681240968 0.26114332822084 0.46471974289935 0.26237379544607 0.47357600331588 0.26296937690226 0.47767563826472 0.26547000636448 0.48096917512749 0.26742389173736 0.48095305532984 0.26916750294354 0.47954524489787 0.27178073183877 0.48381938744112 0.2761901600168 0.48443721958468 0.27700477036535 0.48067519333097 0.27619938051166 0.47617703665878 0.27559387530253 0.47160656046463 0.27289367682441 0.47125165579959 0.26993022540404 0.46604160264923 0.26896723066957 0.45895722931668 0.26645668025745 0.45420188709789 0.26996835762007 0.45184310502633 0.27369914174837 0.45594967794556 0.27368461073364 0.46389753461084 0.27563810545693 0.46942345164368 0.27677128561241 0.46925470609247 0.27740617138144 0.4709807320162 0.2791444690821 0.4724287589426 0.28168932566375 0.47248732992701 0.28442273355132 0.47390443977896 0.28560280061395 0.46685228685131 0.28713434043833 0.46620352782275 0.28635216117088 0.46003790640069 0.28603436665732 0.45580162871283 0.28872652010301 0.45449586890184 0.29358509241084 0.45770098630379 0.28735985519459 0.46478523203998 0.28673145169677 0.46799716955968 0.28794512221369 0.47066486811892 0.28931178712211 0.47184314718914 0.28934194569946 0.47561776568908 0.29006497314818 0.47577169455773 0.29377161208231 0.47737366016333 0.29491471902572 0.47029740072837 
0 0.32348387961777 0.54642257582467 0.32442358445205 0.54923386494843 0.32603443616018 0.55222989223313 0.32642325974008 0.55175787506063 0.32794823582235 0.55335302028855 0.32911658191695 0.5514397867568 0.33351038213758 0.55093684269931 0.33433491316956 0.54673384375082 0.33087847783327 0.54422465032116 0.32813983457997 0.54040970734408 0.3268731104936 0.53525361941127 0.3149438217779 0.53557053178792 0.32216526646918 0.54244241507794 0.32200304827145 0.5445358006546 
0 0.32717754744057 0.52118034945471 0.33522922303129 0.52200832836541 0.33519070011632 0.52039142848455 0.3346664648118 0.52030535061453 0.33010247160899 0.51857015245874 0.32526147738759 0.51827499473504 0.32271349521447 0.51857132838593 0.32213510451141 0.52151679080163 0.32059786048259 0.5282474452366 0.3235017693853 0.52871252443869 
0 0.40085555442437 0.51064639345569 0.39352384829544 0.51057749296767 0.396332823441 0.50187175123096 0.39284317261125 0.5026859632146 0.39105455288779 0.50683381117806 0.38486252174989 0.51038346498197 0.37738087156804 0.51379518252694 0.36706892016279 0.51785236650436 0.35617553060278 0.52122973839778 0.35103346378224 0.52164202704694 0.34927875672631 0.52418567514316 0.3469406628572 0.52535243009719 0.3373639238712 0.5279833319906 0.33326619979414 0.53055673104462 0.32822109995841 0.53157190898437 0.32821648971098 0.53500208858617 0.33284268213813 0.53406393387711 0.33838114761781 0.5309610148112 0.34576934742112 0.5280578857742 0.35203427817359 0.52563946545698 0.35689887061065 0.52386864517379 0.36258236801503 0.52299362922146 0.36805785730653 0.52032710526747 0.37080228290406 0.52005263525477 0.37498323034502 0.51864247198069 0.37825072367645 0.51858390216225 0.38152212399723 0.51688551917197 0.38854056152199 0.51536386939318 
0 0.43602002223946 0.49271350341493 0.43664036692154 0.48657434965267 0.43949661055421 0.48630565029065 0.4409037590477 0.48948087949873 0.44481988354071 0.49507912543328 0.43854963447607 0.49652034179254 0.4342878123556 0.49312344093011 0.43680142012878 0.48977368537546 
0 0.40378735930509 0.45214401447026 0.40883213581856 0.45366555697932 0.40883213581856 0.45503221955498 0.40186362961766 0.45355654852917 0.40437340772208 0.45273197807816 
0 0.39089429413134 0.45331994168605 0.39103165793021 0.44754944209179 0.38656721934216 0.45121045620022 0.3838918693163 0.45393660819571 0.38836466886155 0.45330501770406 0.39049827574443 0.4542076594121 0.39148034254833 0.45096808725448 
0 0.38366636365515 0.4674310682755 0.37756700054057 0.46485756156556 0.37101747987734 0.46177310455647 0.37739110788013 0.44696947480361 0.36683231288788 0.45650317665919 0.36432754729242 0.46096229266145 0.36784305639646 0.46367363807461 0.37621369757025 0.46718189924157 0.37115828777344 0.47008491068585 0.36724707887705 0.46773764242971 0.3631313781582 0.46454063917909 0.36021567014765 0.46062704592092 0.362763188718 0.45579586666962 0.36782359422523 0.45043987111518 0.36529889770862 0.44977147410261 0.36315466906055 0.45296858493613 0.35752273866972 0.4577813021306 0.35586875379919 0.46218996067474 0.35808018790988 0.468040914051 0.36120117433726 0.4674241402419 0.36451640588202 0.47005504213532 0.36838940442259 0.47183504311689 0.36999190059209 0.4726572514054 0.37179356424141 0.47249309197022 0.37155391497283 0.47471512398104 0.36923987786384 0.47855758365428 0.37444601930969 0.4785438253062 0.37856250142641 0.4744292560821 0.38507732802424 0.47177530601584 0.3852680672442 0.47860932445047 0.38992363575115 0.47218758608728 0.3967288297973 0.47247239565175 0.39422515288339 0.47544208216748 0.39111901821203 0.47805922571282 0.39225642095099 0.4841788683819 0.39734543085619 0.47911803055116 0.40202921405412 0.47249426789741 0.40452600843889 0.47337503735978 0.40707774132179 0.47306153517197 0.4051548056114 0.47925584921737 0.40822623991049 0.48021352431772 0.40945249400265 0.47684543367134 0.41102520707932 0.47445794870544 0.41331595307378 0.47530308757408 0.4160645982198 0.47480931574865 0.41452243138441 0.47830264264034 0.41394091508986 0.48330608568863 0.41784337233011 0.47977255162294 0.4190238367489 0.47830839502153 0.42000667233204 0.47685225404902 0.42312617566782 0.47564881016679 0.42566571880811 0.47771925548642 0.42823964345552 0.47535365244308 0.42608618217672 0.47444301443018 0.42233484728445 0.47278707376674 0.41804325390515 0.47156175763885 0.41334955318217 0.47120121836359 0.41121063925361 0.47073719749597 0.40862834725418 0.47102318298762 0.40437262632419 0.46890215322245 0.39948967091384 0.46801903188339 0.39441058463327 0.46801903188339 0.38996637821461 0.4682980893266 0.38659738713798 0.46625631698693 0.38327566471049 0.46713708647155 
0 0.49085906461839 0.50536272626828 0.49042710787609 0.50755958451425 0.48872319168169 0.50596456580211 0.48547320166254 0.50157776943444 0.48890627320253 0.50425923619686 
0 0.48086264167288 0.49154558183182 0.47565001462471 0.48939704527014 0.4756782230878 0.49236096974265 0.47726930542983 0.49403524560548 0.47406963743349 0.50146746746438 0.468868496934 0.49893193326575 0.47076244909028 0.49716804248663 0.46806193805302 0.49506535784651 0.46472114960143 0.49712205454692 0.46705080920979 0.50442798174806 0.46372986826408 0.50216573302748 0.46216629112705 0.49746777714836 0.46085916877082 0.49540179985314 0.45930090513931 0.4914847863963 0.45681332502151 0.49124241846798 0.45747486408646 0.49711524335598 0.45832876804977 0.50439928912472 0.46200532316592 0.50592893520837 0.47001083042479 0.50829453902411 0.47720594218963 0.51216793448685 0.48155097505619 0.51535127824605 0.48482307863505 0.51826006045978 0.48114575034758 0.51211747840264 0.47864433126093 0.50999411549066 0.47582856403791 0.50797869388643 0.47903581159359 0.50971965408542 0.48231784718155 0.51152833886753 0.48833936904815 0.51559246963815 0.48271314810761 0.50874351692826 0.48075505140292 0.50359200608818 0.48155019365832 0.49774683384762 0.48332279472546 0.49884573780302 0.48736333335288 0.50070157699177 0.49142979762233 0.50272265214281 0.49068427438248 0.50099555879572 0.48807987521738 0.49645484264828 0.48406684177687 0.49477714733189 
0 0.67663257926106 0.73700086153494 0.67955673960743 0.74083179409164 0.67969409611407 0.73537361349485 0.67507587842529 0.72055175332818 
0 0.65194604518838 0.75024156367238 0.65695949404624 0.74308957434596 0.65892672865471 0.75687567465296 0.65481751353818 0.76231433802598 0.65643758574117 0.77131182752485 0.65899767958127 0.77928602516055 0.6561796589527 0.78168844446241 0.65454511824084 0.78740156924759 0.65376754922082 0.79250603410588 0.65038324940974 0.79179059998779 0.64882045363111 0.78315835348214 0.64439913574309 0.78121525135077 0.63788010178276 0.77699508375876 0.63191661733572 0.77342708540061 0.64225185439749 0.77306184240739 0.64701197393938 0.77179983731941 0.65090444180192 0.7674865362919 0.64309202570451 0.77104312815605 0.64133075486199 0.76896103142778 0.63911329171454 0.76837777152874 0.63836158696401 0.76206174886003 0.63663172836033 0.75495679662224 0.64107741339951 0.75348335982086 0.64198478489535 0.75023356736731 0.64432819716542 0.75081694485906 0.64728358783885 0.75145535574451 0.64862666695455 0.74798154915636 0.65146609807555 0.7513577537856 0.65429023885633 0.75141749088816 
0 0.62492982642468 0.76189288571184 0.62427814060145 0.76012899488816 0.62125553736235 0.7580137370124 0.61469915199825 0.75054706956304 0.60796567867613 0.74285180484201 0.61829560223238 0.74221104211831 0.6237050634039 0.74612699434434 0.62854152551765 0.74010836671688 0.63216768047122 0.74004980249315 0.6308353189638 0.73732471188199 0.63080937655453 0.7330528036004 0.6230274351714 0.73739244528791 0.61958975338398 0.73572850831961 0.61496013889329 0.73534609363 0.61131335494384 0.73544251966169 0.60766735239228 0.73378093450578 0.60478976517502 0.73730636429871 0.60376114434358 0.73956061677138 0.60241423751171 0.74156110716257 0.60171449571951 0.74167587765593 0.60245244786754 0.74859479519939 0.60604656550845 0.75229708444557 0.61157434183887 0.75418162540159 0.61462967412726 0.75818601034951 0.61659465534989 0.75917014383641 0.61789038097823 0.76153117050026 0.62128991886861 0.76471322954619 0.62336781208339 0.76972126837278 0.62307400648443 0.77607292163614 0.62481308558296 0.77604187715764 0.62941678124356 0.76898866571735 
0 0.6217446924287 0.70481103074316 0.61893276576258 0.71998331366885 0.62016971862137 0.72328249498212 0.6196485262292 0.72789894657242 0.61572777255338 0.73414947329414 0.61135225704288 0.73228798055857 0.61549272807421 0.72387504469119 0.61471289300037 0.71968580409078 0.61491050852158 0.70968007484985 0.61467546404241 0.69994539682532 0.60870739298296 0.70046797886681 0.60458597661063 0.70041164790338 0.60325900674852 0.70324116794975 0.60109110775578 0.70388310660063 0.59862711459702 0.71496257127154 0.59690858626245 0.72231094044299 0.59572508104919 0.72704687309021 0.6012124475883 0.72703076288776 0.60287440271711 0.73615795692796 0.5969742236835 0.73995102460702 0.59255291825785 0.73804131880858 0.59081540195506 0.74091223054129 0.58970737977599 0.74546894547438 0.58550127132363 0.74321586892893 0.58702516435017 0.7383731685611 0.58753415602112 0.73288864416522 0.58968065596885 0.72937920707108 0.59106186584638 0.72438034060305 0.59439045348795 0.71339741214732 0.59618829370628 0.70320447504088 0.60669138642852 0.69233632478234 0.61371551675964 0.69231562846387 0.61574762005926 0.68870058876136 0.61802695764482 0.68471349439129 0.62126850856698 0.68681840405438 0.62168671270678 0.69425637869177 0.62890932949486 0.70076537085217 0.63345348273978 0.70175291450304 0.63689724735642 0.70469390839543 0.63924144096515 0.72013712494479 0.6404418243724 0.73462842843703 0.63788852869376 0.74554702704151 0.63397311233617 0.74209850588661 0.63110396355136 0.73762104553288 0.63243015201561 0.72983628996831 0.63221496708521 0.72351791560478 0.63158467952073 0.70758433741882 0.62922751470736 0.70521072839371 0.62588750765363 0.70518191817765 
0 0.56911786892067 0.78081567128285 0.56474156156339 0.7728793385035 0.5644347847598 0.76982239811334 0.56312156750018 0.76758531417802 0.56151907674925 0.76263701245399 0.55916269333375 0.75973623519809 0.55603710185544 0.75712261936828 0.55244830774784 0.75455486469988 0.54860773712185 0.75329967998975 0.54091658424038 0.74906563645659 0.53416936991614 0.74364649347536 0.52275440655587 0.73848346744172 0.52015157018655 0.73778402904087 0.51806758201574 0.73611327169489 0.51524563259027 0.73728567109941 0.51206971908916 0.73770712340291 0.50738743566454 0.73493381672725 0.50243352056152 0.73103514445692 0.49775654175295 0.73447567549555 0.49232418562385 0.73656905793442 0.49224401420243 0.73755330901403 0.48346477471836 0.74273350656709 0.48869185762712 0.74241083214723 0.49410367154614 0.73918044257435 0.5032789930564 0.73737410082381 0.51337841328194 0.74318600037765 0.52323214393566 0.74364649347536 0.52512609609194 0.74703763238024 0.53168327445429 0.7509386533259 0.53889823354326 0.75495444476781 0.54405514692333 0.75816872421944 0.54933489604849 0.76189406163906 0.55418659542071 0.76721325080695 0.55728014958637 0.76866481536212 0.55875214689308 0.77257500854005 0.56216310487336 0.78197090217964 0.56175490262629 0.78791145128835 0.56420053200319 0.79217183559115 0.56426920655123 0.79607626672573 0.56563133931748 0.80052621049571 0.56378083288275 0.81062613175939 0.57063564569362 0.81252666532555 0.57036325039629 0.80245896446758 0.56960162189281 0.79435717872897 0.57043420132285 0.78835007213984 0.56885766342352 0.77963974406706 
0 0.68242056287178 0.83843610485643 0.67669057214941 0.82610956540966 0.67362294722659 0.81755422454392 0.67069959453201 0.81687665528219 0.66810127732101 0.81499799396224 0.66489785861488 0.81493472907804 0.66202559632589 0.81142646782245 0.65660239521082 0.80714421127344 0.65219936183637 0.80473732344817 0.64803905574179 0.80228669113047 0.64419614092212 0.79956394925503 0.63839596847027 0.79836732572025 0.62636978641874 0.7949267978723 0.61944707013299 0.79600735739089 0.61387500006482 0.79742799506028 0.60891117009832 0.79651159498102 0.60377332282627 0.79453403818222 0.59783502275099 0.79570996539801 0.59229271276728 0.7964150513566 0.57306376143355 0.79929630822072 0.57698981688946 0.81374045739768 0.5826549514439 0.80942833229739 0.58891380304865 0.80471662712917 0.60604656550845 0.80511738312431 0.61287004426475 0.80491065511978 0.61892587775399 0.8056077447733 0.62379742463208 0.80278740093895 0.62902451950312 0.80354869621845 0.63715745284699 0.80664820517382 0.64256927051656 0.80747840978817 0.6477338292913 0.80714538720066 0.65642609919249 0.81288038423205 0.66156925997005 0.81600740988428 0.66604784185954 0.81917230039285 0.67221580594306 0.82360719229447 0.67613201578581 0.83026094125956 0.67857083667655 0.83715340344945 0.67720565645861 0.84706835136209 0.68132018508066 0.84696957347596 0.68163916498246 0.83490832320907 
0 0.71912030702151 0.67256945915519 0.72108294405053 0.674623921542 0.72660314372749 0.67846755714242 0.7281025536721 0.67404865796257 0.726310119519 0.6699684258123 0.72534250011717 0.66444944179017 0.72182847575789 0.66350200221604 0.71983302001835 0.66643958591959 
0 0.73580744922529 0.6718850695329 0.73389130536951 0.6667977684401 0.72668627003349 0.66677366683316 0.72786680593485 0.66881660513354 0.72845818231673 0.67174959794578 0.73420800592605 0.67742251065215 
0 0.71849535922793 0.69085723927511 0.71501266883523 0.69139240803007 0.71338195548669 0.68356625982855 0.71185425856661 0.6756356892929 0.71552697077847 0.66961129672589 0.71827100567706 0.66267861800035 0.71227393330763 0.66315181110003 0.71183892911363 0.66761657144014 0.70990076384332 0.67262237587857 0.70814869953476 0.68258212636652 0.70930930979045 0.68732252403905 0.71065159505081 0.69140040433494 0.70720859975787 0.68491210849302 0.70758398329442 0.67334239609461 0.71124225370042 0.66268661430521 0.70642720188829 0.66110075890206 0.70423562914576 0.66756835842551 0.70272243830905 0.6714532642874 0.70243777506516 0.67504078772946 0.70168614845441 0.68404403904425 0.70311540329766 0.68677712901014 0.70305359472618 0.69167368981299 0.70522611522296 0.69820678437378 0.70671483444408 0.70474094548287 0.71028605712742 0.70466745003374 0.71594587817635 0.70465369168567 0.71849073475799 0.70584337721982 0.71962391794845 0.7083583326927 0.72024887996454 0.71702856142839 0.72142560131287 0.72407718312111 0.72181630025753 0.73172071002372 0.72256338045423 0.73259007625267 0.7224473428706 0.7346674692196 0.72436497138233 0.73614419857988 0.72416049392548 0.72908181508572 0.72454656824722 0.72083644884236 0.72529899065022 0.72029446400229 0.72761800885317 0.72559871876055 0.72767678442741 0.733197560237 0.7302300656516 0.73496027508894 0.72996829736529 0.73237641028296 0.73057342640311 0.73112581172057 0.731583773874 0.7281779974505 0.73001635333427 0.72196075282497 0.73005457820461 0.71372350047919 0.73846904664865 0.70901179543 0.7417076282589 0.70942971995193 0.74197158445924 0.71050240073108 0.74855095452109 0.71737992847159 0.74853563912285 0.73290357844048 0.75131407057928 0.73119824883523 0.75209850084898 0.72790588789964 0.75111409581288 0.72497289031212 0.75132319788278 0.72113854100885 0.75072958495807 0.71730067097925 0.75245638107324 0.71353053082795 0.75247622857913 0.72121662610162 0.75365826424724 0.72672996071356 0.75248694881115 0.73260147950835 0.75392611232613 0.73669653157919 0.75619858878541 0.71710088095033 0.75732261444583 0.7070193044059 0.75766752346546 0.70266931455915 0.75597571893804 0.70163696406223 0.75512946504528 0.69840434014603 0.75329732146048 0.69991670420198 0.75445949451191 0.70265790806545 0.7518161817987 0.70229384100864 0.74685385142706 0.70031522187169 0.73818211735094 0.69683682916739 0.73525187534002 0.6973903422354 0.73161274918182 0.69522334361689 0.72430777305828 0.69151752668267 0.72064420342355 0.68909334845143 0.71868077071987 0.69051269260089 0.71693256344929 0.69085723927511 
0 0.82613291848148 0.44361854215581 0.82946907974399 0.44588197734193 0.82810163347223 0.4497979324643 0.8247616264185 0.44627238516771 0.82750036478779 0.44479446937159 
0 0.83570504262563 0.43950279690055 0.83515328040645 0.43632063098462 0.83652004062419 0.43396195623478 0.83723804992248 0.43396195623478 0.83743418078775 0.4409267377725 0.83511899420864 0.43773890607687 
0 0.8302352574004 0.50682463000438 0.8350846736735 0.50364246238776 0.83085106001613 0.50384001815502 0.82870143447692 0.50245853889681 0.83199340265137 0.50653064820043 
0 0.81949103642228 0.4568465474062 0.81949103642228 0.45361274756278 0.82046315673795 0.45120351822982 0.82104850188205 0.4459715725146 0.81971535897677 0.44219227061016 0.82493103347663 0.44505059682137 0.82498065224135 0.44307656785409 0.82912112327267 0.44530894802415 0.8274995833899 0.44979216003869 0.82704018260619 0.45938679551776 0.82687382299976 0.46925129590363 0.82059671443567 0.47034796559737 0.82029757852939 0.47861614482815 0.82379863168403 0.47891012662467 0.82373072820917 0.4741707872866 0.82613291848148 0.47125283172681 0.82910737067016 0.47272156481933 0.8321887521237 0.47448663157023 0.83491448521751 0.4768384860018 0.84081388285325 0.47570043337026 0.84563807702045 0.48012391866614 0.84602955735311 0.48532034090143 0.84312832257415 0.4862459037281 0.84034457529278 0.48764926469346 0.83785310542336 0.48601625461015 0.83495646344766 0.48502058756925 0.83489082602496 0.48453140184748 0.83436578763349 0.48443957143906 0.83430858930944 0.48364370391952 0.83067938690418 0.48146177102574 0.8274942529082 0.48329809891953 0.82652439882403 0.48595074599694 0.82730501531546 0.49006766717941 0.82753090046829 0.49743215573263 0.82687460439763 0.49800399995876 0.82746979515489 0.50031341252396 0.82382840294287 0.49859891068666 0.82345520732035 0.49145832803462 0.81968638589461 0.48977250944825 0.81868063191787 0.483349722123 0.81815719022521 0.48325552081835 0.81910336816531 0.48037427356405 0.81718573965358 0.47858980405918 0.81111920101354 0.47663752974485 0.80740912392878 0.4777652439163 0.80734958141112 0.47973351084036 0.80088476427695 0.47926502144942 0.80562122388689 0.47477826151974 0.80776473809922 0.47065794000362 0.81093916694438 0.47000341893185 0.81672182373841 0.46590837009904 0.81926058541667 0.46355651572688 
