0 0.73313607777931 0.53073415894243 0.73136647453016 0.53515423665464 0.73103742908614 0.54016226970121 0.72637347024589 0.54177340572006 
0 0.73182383195354 0.51583071739078 0.73261180920105 0.51231434629584 0.73475657183197 0.51341912863998 0.73785921812404 0.52171833515686 0.73444832360509 0.52602822884389 
0 0.68196872404477 0.47938617910409 0.68722304604144 0.47546564219251 0.6937827006245 0.472723383021 0.70113647251746 0.47164270712966 0.70374096947575 0.4708308570046 0.70663453730505 0.47311379041592 0.71214565489729 0.47310345131891 0.71844238816687 0.47311261449003 0.72501430792702 0.47146021252412 0.72893026348791 0.47672765481509 0.73425073890067 0.48085726239035 0.73702667046231 0.48846974488345 0.73913145918476 0.50205944966083 0.73319447192142 0.49691712588122 0.7296529039424 0.48879476213635 0.7250097422248 0.48319877481491 0.71949171251345 0.47938617910409 0.71272989251475 0.48095486423907 0.70793141820274 0.48302309149164 0.69171868834599 0.48022909165163 0.69226058996786 0.48843070414495 0.68801795054138 0.48957675285206 0.68532733499297 0.48537494320882 0.67988312869315 0.48352944516634 0.68380602563887 0.4774259106483 
0 0.71555576222618 0.54926534695772 0.72146352982456 0.54890821827447 0.72467069947562 0.5453471619969 0.72417028276874 0.55731879279286 0.71765519810941 0.55893804270014 0.71165978637768 0.56046533520528 0.71025606910269 0.55470517997956 0.70816891343708 0.55693755762951 0.70118338904369 0.55983832467777 0.69609278850875 0.56018051911126 0.690147378312 0.5594157037839 0.67859859198984 0.56059280556835 0.67904288204704 0.56547336153448 0.67594025123297 0.56482684421479 0.66962352349551 0.56327885541454 0.66804835623033 0.55865323345719 0.66537930968895 0.55738887105245 0.65256668976147 0.5597200333961 0.63977563884102 0.5621798351071 0.63374639290528 0.5618089480913 0.63043468441723 0.55903223436141 0.63978099173328 0.55928141305085 0.64760062269047 0.55378301892125 0.65548637761082 0.55033331572267 0.6693736831255 0.55150806568508 0.67592025660602 0.55199043754242 0.68222391698886 0.55465238090851 0.68779887555392 0.55298150082311 0.69430084348485 0.55503701927585 0.69928611811871 0.55151041753685 0.70532150428922 0.55229240825257 0.70820891741996 0.55190200085766 0.71082646700391 0.54952028768387 
0 0.62555317419717 0.53661378838392 0.6286635068327 0.5165656710524 0.62900325805292 0.51277025275121 0.63250642397467 0.50691131975337 0.63736793939212 0.50291270146383 0.63991245246955 0.49613278333354 0.64451107235085 0.49047022995409 0.64895978500934 0.48592033762203 0.65423411569905 0.48381543033515 0.65986897942597 0.48173685495479 0.66565986421834 0.4821893600579 0.6618223127852 0.48839166340644 0.65572931785964 0.4934088686747 0.64870379080912 0.49780705814425 0.64227638415237 0.50201241262649 0.63841113659564 0.51006821031335 0.63572130816931 0.51387621102122 0.63396397223166 0.51899560424659 0.63209974878469 0.52300221883198 0.63133176618404 0.52799189977093 0.62921548448704 0.53308718664492 0.62816301140682 0.53738555597132 0.62612355945748 0.53772198835946 0.62555317419717 0.53347759403983 
0 0.62068470604991 0.54336502136966 0.6262872949853 0.54567559808921 0.62488900932156 0.55364061429978 
0 0.62472062937253 0.56293548506383 0.6250742351374 0.56477745532873 0.62629500944767 0.56476828310703 0.62607901715555 0.56005305559926 0.62372357447094 0.55699846365753 0.61949856810131 0.56061573612259 
0 0.62466837257259 0.50323655144528 0.61629832572258 0.50401054584541 0.62001976662518 0.49974663868216 0.62305320343495 0.49979261738323 
0 0.52216992957155 0.50956866887899 0.52475284749359 0.50257050703898 0.51946544944925 0.50686193086731 0.51611375170729 0.50996825661537 0.51749212146307 0.51657483532146 
0 0.55050798444986 0.5424934178254 0.55496899050545 0.54680553805778 0.56047932090764 0.54396332518577 0.56762164255949 0.54327893631878 0.5704490829853 0.5448440936761 0.571487690272 0.54089722336283 0.57384847319467 0.53535179219889 0.56755788016645 0.53594657549816 0.56152864525422 0.53896564016051 0.5549682033154 0.5385740568397 0.55103304021818 0.54445368628119 
0 0.48176031516218 0.49976850252593 0.47997527402459 0.49302763351135 0.47789740720143 0.48554945060623 0.47445266359703 0.47238919395241 0.47834863345317 0.47979611575049 0.48301870814784 0.48927243187453 0.4846522849138 0.50016008584673 0.48097312510473 0.49780823407014 
0 0.50491551070221 0.55436063370299 0.50565199610801 0.56052388947064 0.50457653707868 0.565209255304 0.51011756775313 0.56790565329775 0.50957410146222 0.5570914863244 0.50773758705818 0.54514960645266 0.50773758705818 0.53339952008846 0.50769837532967 0.52091448006264 0.50569041098184 0.5194354005177 
0 0.49724119483208 0.54610845639775 0.49751796144981 0.55612569841674 0.49545001322112 0.56449263934364 0.50092114142023 0.56649994483496 0.49932676671814 0.55819391681682 0.50012782077277 0.54926299510601 0.49907849642618 0.53072499431568 0.49776625060041 0.52485570542684 
0 0.4919860621798 0.50403005794511 0.49308537306727 0.51165865003709 0.49991101916402 0.50877398631338 0.50797208130573 0.50708124103994 0.50545598578865 0.50046442382624 0.49844117792587 0.50249477741368 
0 0.60189211828304 0.42104921170706 0.60640539364444 0.42920261124018 0.60955950668697 0.43375250357223 0.61474929316665 0.441687651266 0.61131068964454 0.43165324072948 0.60929815959449 0.42574609477144 0.6056566184807 0.4236583560021 0.60457580655912 0.41625825457399 0.60297371739466 0.41472861021714 0.60226494353744 0.41147645905498 0.59635793616193 0.40540044999015 0.59457062118163 0.40724936897875 0.59743339519125 0.41164415669006 0.60005639111543 0.41791184151634 
0 0.55732977348776 0.49741665074933 0.56256489119616 0.4942587102927 0.57071892048131 0.49192860462866 0.57697188582573 0.49280937311899 0.5827827768055 0.49144977619429 0.58824310894065 0.48883263560341 0.5967031189934 0.48879241028457 0.60670444713971 0.48191372303664 0.60456809209675 0.46615701286075 0.60324971829931 0.45861109643556 0.60371556528607 0.44986750913094 0.5988871110009 0.43397639985571 0.60402918179703 0.43519135644425 0.60560513625225 0.44296117897085 0.60849870160242 0.46065639369833 0.61007229452727 0.47106627736149 0.61078878264963 0.48057128607648 0.61562260179433 0.46892797378023 0.61582396500594 0.48407954328299 0.61426265228542 0.50141186729051 0.60797285864404 0.50211917837663 0.6016691860644 0.50407028287902 0.59536395130149 0.50299078294084 0.59197462587573 0.51082150841836 0.59227289218097 0.52024842779649 0.59169170977623 0.53023345730679 0.59224746594275 0.5389931642126 0.5869808613819 0.5388783938488 0.58355767511804 0.53581110883925 0.58568859854973 0.53381179969448 0.58645659280364 0.529684535116 0.58565789813827 0.51968116902215 0.58682175860881 0.51002458346399 0.58747442954793 0.50991203923837 0.57910974799741 0.50714909196198 0.57386155188436 0.50800916413495 0.56890933923292 0.50519564392569 0.55759269496695 0.50290352094412 0.55450233339338 0.50331698477401 0.55176180999659 0.50142444969719 0.54583096281554 0.50283579591267 0.54667506669282 0.4974786304787 
