0 0.52119239217512 0.63304042585649 0.51985166047229 0.63114907032355 0.51696720837653 0.63247316433508 0.51395835773993 0.63262238949499 0.51134020603812 0.64042219692755 0.51518843426622 0.64385120060216 0.51832926300299 0.64018324852334 0.52297647055273 0.63654986870378 0.52297647055273 0.633885688071 0.52119239217512 0.63343318554656 
0 0.5573969005809 0.65773489738803 0.55240328920275 0.66276481346309 0.55118462108536 0.66368109592648 0.55330603816148 0.6694850021461 0.55380433558291 0.67294505029843 0.55662924516101 0.67457112241134 0.56078495345078 0.67811841974649 0.56222569484271 0.66959636245063 
0 0.56026228664103 0.70161627176402 0.56046528358234 0.6977094888737 0.55843850396736 0.69724899578763 0.55685585054318 0.6977417092786 0.55577384891318 0.696197124762 0.55184771531748 0.69883261692913 0.55364172668625 0.70211921582151 
0 0.51650400483922 0.61775337205126 0.50973849668506 0.6227912854412 0.50587042095107 0.62639938282625 0.50746072189524 0.63096303864271 0.51004527348866 0.62920032379078 0.51417886821872 0.62875699924163 0.51446579751643 0.62526943439315 0.5161926868082 0.62394651630881 0.51645898720215 0.61781993566932 0.51546240145275 0.6173617882884 
0 0.5290063710683 0.62755354946763 0.53265237361986 0.62217462922482 0.5366188959577 0.62317369696211 0.54171782961584 0.62423356013493 0.54542946949634 0.62826663760503 0.55009722781005 0.63460911276235 0.550103332682 0.63861573758429 0.54697241772961 0.6386272560587 0.54145074782402 0.633520445087 0.53551854107788 0.62944256479111 0.53088812398221 0.6353050321846 0.53004875585265 0.62637762225184 
0 0.51785159448532 0.68990756477221 0.51593169991976 0.69604895793281 0.51437499908399 0.69741209688834 0.51261763527531 0.70089284135914 0.50977209679345 0.7129437431621 0.51488243886049 0.70943665792233 0.51884819850717 0.70243965597971 0.52347859682372 0.69898078375457 0.52401276040737 0.70823203811291 0.5198989350434 0.71341340848022 0.5162903615419 0.71843414719391 0.52080699750764 0.72274509625808 0.52302304186576 0.71843414719391 0.52613488074157 0.71698023082104 0.52952756346048 0.70515557740869 0.53083093513986 0.69418170731546 0.53520034626527 0.70008780160755 0.53702334749499 0.70328832262991 0.53759642469254 0.70751542421396 0.54275255667474 0.71065044617125 0.54385293096535 0.70673225668824 0.54542181179722 0.70280137118215 0.54930364013371 0.69346286302661 0.55109382265291 0.69068273597327 0.54806059240279 0.68864203193455 0.54462970877683 0.68482026857979 0.54026411701928 0.68899798509378 0.53239294952061 0.68116619244176 0.52484299564379 0.67380629464619 0.5208551316164 0.67668873208804 0.51630176995079 0.67614898150963 0.51937852406226 0.68325851968395 0.52016070332971 0.68822751760146 
0 0.5573969005809 0.2183308783736 0.56004020314129 0.21434379588607 0.56412957075194 0.2244557113519 0.56086207742051 0.2206052553738 0.55687648958661 0.21715495115782 
0 0.48421257247955 0.28026286374894 0.48285966020816 0.28805338135672 0.48395924329023 0.2975462887518 0.4891413176817 0.29437281405472 0.48503210256516 0.26895314885137 0.48375093091056 0.27274045753958 
0 0.55114571746635 0.22852206756137 0.54404984323346 0.23704928779451 0.54091502144464 0.2414353943626 0.53727590493096 0.24567236206788 0.53370084375355 0.25038808080839 0.53102472181641 0.25593986823932 0.52725587412526 0.2602129524481 0.52410277744194 0.26543453952517 0.52692846841791 0.27087214442633 0.53063480426964 0.26468357736551 0.53492560677432 0.25860581276288 0.54019394749059 0.25663695787523 0.54521349112519 0.25704923794667 0.54651608137378 0.26009759399114 0.54852677437178 0.26226847316937 0.55068405761011 0.25918342819669 0.55402328326596 0.25785192584389 0.55555404169247 0.25395948926524 0.55787385568767 0.25236563755723 0.55787838779531 0.24661229620661 0.55222856863912 0.24688558168465 0.55272069301738 0.24378901262554 0.55119759228999 0.24215259235339 0.55217973127227 0.2355690464094 0.55324188539638 0.2292868906032 0.55010411407989 0.23009015053148 
0 0.59959238660407 0.3923675301796 0.59620196816899 0.39500537004341 0.60033564103885 0.39703278610494 0.60037378449339 0.39197594642663 
0 0.61287615072248 0.40765516011538 0.61204973278127 0.40954653284834 0.60953003721103 0.40967400335531 0.60953003721103 0.41111404378738 0.61521345647562 0.41667782567561 0.6160200153566 0.40922384702124 0.61261594522533 0.40883108733117 
0 0.65507163674565 0.42450972489926 0.6496468475556 0.43190630708656 0.64725687645458 0.42920885854864 0.64678607181529 0.43422148336475 0.64959574413493 0.44254939969657 0.65492815947651 0.43546855414559 0.6580010974327 0.43255519454207 0.65894048125722 0.42652739178622 0.65403003335919 0.42607723587791 
0 0.64178787262724 0.4209819432519 0.63870649598364 0.43032163844483 0.64568797338917 0.42600951345347 0.64048528234575 0.42333379768347 
0 0.54645733013044 0.42059035948904 0.5488801224884 0.41673873870384 0.55140059945651 0.41470038651949 0.55347614847768 0.41230255339435 0.55451931463357 0.4096935237466 0.55615916632422 0.40884144690756 0.56105586409217 0.40184326903776 0.56370605310663 0.4037323960622 0.56593428727152 0.40029292663563 0.5706806646993 0.39746339893615 0.57646331100494 0.39209483266514 0.5815813107711 0.38724413302256 0.5825908768186 0.39088727303776 0.58502508746191 0.39212233752204 0.5852670190992 0.40247027341337 0.58267558034766 0.41002878058735 0.57906771010424 0.41167095155729 0.57798031682894 0.40803758308316 0.57281652714762 0.40538139875524 0.57065393040377 0.40884262283475 0.56970922037945 0.41324882200099 0.56645547965053 0.42146079191227 0.5659403821749 0.43137926735599 0.56287433321425 0.43193042442811 0.56024852381332 0.43547314026161 0.55760599249798 0.43971870777424 0.55448040101967 0.43596585375258 0.54650311016914 0.43111397818281 0.5451936436193 0.42119444440462 0.54828111280411 0.41863008882032 
0 0.54489453435181 0.2994692824792 0.54284336489235 0.30018648046999 0.54297542113564 0.29944000189226 0.53557572980181 0.2958634193558 0.53264705058663 0.29318889056378 0.53112848196689 0.29864766215428 0.53369475840421 0.30260548028448 0.53734762761087 0.30494757446099 0.54537070837655 0.30568017709792 0.54537602188206 0.30070612269352 0.54307153307603 0.29986144002579 
0 0.61522034439043 0.29241371936271 0.61841765657961 0.28820954448703 0.62298930295537 0.28150711230453 0.61757062128899 0.28381992589411 0.61450380252592 0.2842413781976 0.61085091216976 0.28684017727884 0.60566196147704 0.29319863642114 0.6014581190785 0.30010720881389 0.60666308842755 0.30041437515865 0.60880819331069 0.29696526312916 
0 0.52026752041848 0.34255948791508 0.52770378078681 0.34180266117811 0.54072655801019 0.34101889257835 0.54797659213181 0.34034251239116 0.55506644942185 0.33590291689283 0.56501474860386 0.34684280269038 0.57332474832199 0.34927967659809 0.57297983930236 0.3450071803529 0.57122013130007 0.33946338922684 0.56751536772082 0.33402249172956 0.56214255410939 0.33074965118526 0.56026228664103 0.32770929144565 0.55968310431489 0.32189915281194 0.55791809297307 0.32769328536905 0.55404922567523 0.33036723966435 0.55130675357237 0.3207525062128 0.54644513044722 0.32337998434154 0.54586439555055 0.33474592213444 0.54176894279454 0.33545335992959 0.53807104575852 0.33434634207661 0.53427392095109 0.33632436919632 0.5305119590478 0.33685611023447 0.52562057401389 0.33435433838148 0.51961583459525 0.33277189316717 0.51494120906058 0.34258818053842 0.51420481062799 0.35310320384363 0.5238028769396 0.36376286619274 0.52316267766505 0.3563909786632 
