0 0.61229914606 0.70202677788364 0.6051444482348 0.69972656154497 0.59602843281063 0.7006154426639 0.59416199592137 0.70579691756045 0.59988733305389 0.70702445595065 0.60427181954509 0.70822108534278 0.60872532241228 0.71208528992657 0.62027300087114 0.71237468487745 0.62557152639367 0.71437398251978 0.6296188799708 0.71114019082936 0.62768854502384 0.70826694638741 0.62946155802655 0.70555455063682 0.62246418232634 0.70320964908863 0.61638100816042 0.70053618537138 0.60964466999327 0.7023207589464 
0 0.6246867010381 0.68938559218473 0.62506167557456 0.68438909004197 0.62279776147697 0.68027335516325 0.62370329172299 0.67587740722683 0.62254204695566 0.67091641812178 0.63043806584935 0.67028377089069 0.63766017259916 0.66795367704607 0.6411095756782 0.67027799902923 0.6326276400339 0.67401709510865 0.63264835958759 0.67880109800092 0.63443020620275 0.68468884260229 0.63387028873188 0.69026753537302 0.63428491788303 0.69519055145352 0.63010801141501 0.69568432203407 0.62645635174925 0.69733002798185 0.62424428836031 0.68820966793367 
0 0.53879209041041 0.66327408660719 0.53433593306722 0.67086938115292 0.52773442822109 0.67178918907887 0.52653495899937 0.67171110771057 0.52372245319518 0.66599917339776 
0 0.56230651346984 0.68732772474537 0.5733029328822 0.68825212817784 0.58398473468151 0.69348640207193 0.57479421749882 0.69666857060734 0.57071058469712 0.69348181596747 0.564076164181 0.6970498052399 0.56195221654252 0.68618050247708 0.56363375150321 0.68615180049431 
0 0.5583005423923 0.65585800291279 0.56063541948161 0.65711200850245 0.56419719537798 0.65827298835015 0.56851921320065 0.6614355290871 0.56629176687137 0.66342919101199 0.56540340221437 0.66616108822627 0.56096882166717 0.66932374635637 0.55471117261756 0.67029059125117 0.54715209712379 0.66881033784133 0.55279887543537 0.66166177690729 
0 0.53708899083587 0.68468189518048 0.54019630821424 0.6879156868709 0.54071817819577 0.68990806466635 0.5437580841106 0.69113572955344 0.54859172045838 0.69314185627508 0.55516224390041 0.69316137661715 0.55523833887907 0.68496894775181 0.54637965706944 0.68121845504022 0.53674672817012 0.6785748597982 0.53664834780879 0.68190401886127 0.53753140351366 0.68615180049431 
0 0.51452594426863 0.66498516397521 0.50914177045909 0.66347740390506 0.50486806409961 0.66317989507706 0.49772628490501 0.66117835445989 0.49197155790278 0.65733590447419 0.48521698919046 0.65542842758683 0.48259701046232 0.65092570635874 0.47738485835443 0.64939041969534 0.47081697687096 0.64972685161507 0.47021812708543 0.65171122373861 0.46268844046475 0.65465221021622 0.45214575670038 0.6552849648282 0.45581458638106 0.65843257140303 0.45309711081765 0.66502186277739 0.46445632148054 0.66735078069778 0.47293915255646 0.66910667074511 0.48269381035378 0.66967276066527 0.48976285690598 0.6729134902269 0.49745589350882 0.67533883393345 0.50843072482131 0.6757901536496 0.51752425173593 0.67739787724504 0.52905989657026 0.67473017555648 0.52293178514662 0.67321663373263 0.51630673207742 0.67167441887486 0.51363243599027 0.66814429436235 0.51452594426863 0.66380923972414 
0 0.55168860920291 0.63823288726356 0.54646954286174 0.6344708811369 0.55219666331357 0.63118534886243 0.54991895849175 0.62882549325507 0.54637965706944 0.62706160687848 0.5451492064995 0.62376350313935 0.53893560907946 0.62202031307361 0.53131336972892 0.62028394336836 0.5238166105022 0.62323985306253 0.53020733806239 0.62757490872561 0.52833062353062 0.62970168527235 0.52919208947504 0.63289643619693 0.5416237084418 0.64140013220365 0.55036137116954 0.64352454639334 0.56046163978617 0.64172386414179 0.56001922711955 0.63886448680515 0.55036137116954 0.63882084938909 
0 0.71530359558969 0.54390919389284 0.71588244832269 0.54704761804721 0.72513683648289 0.54766662455733 0.73252654373586 0.55151542453383 0.74539792089322 0.54595330296682 0.73612972945782 0.54182322191658 0.73397464887621 0.53657224989854 0.72157330782318 0.53739738273505 0.70874864911943 0.53739798388677 0.70393040468654 0.54216941400734 
0 0.76214394818478 0.51960977819034 0.75564085366365 0.52364578530287 0.74641759360723 0.52412285775948 0.73615397367195 0.52268399688223 0.72678385035816 0.52776034415339 0.72033595118988 0.52687263895869 0.71493888730706 0.52769600766379 0.70393040468654 0.52499339446054 0.69372553715339 0.5238961395696 0.68036679820248 0.52593037088012 0.67998828576172 0.53475272909441 0.68207928915241 0.54005180966953 0.68752131888188 0.54033026852515 0.69426474971146 0.53211890727985 0.70779461388181 0.53275049617914 0.71397635758985 0.53450873807491 0.71992645402566 0.53513162513496 0.72244944498082 0.53356988017658 0.72767893966525 0.53291653667919 0.73617292619022 0.53093097527846 0.74335185079267 0.53182669011084 0.75022305040037 0.53114336054581 0.75563039497677 0.52816167366721 0.77198763001691 0.52795495961203 0.7808479169737 0.52471999207908 0.78572314610259 0.51946571383061 0.77997532059275 0.51593042889414 0.77246455087152 0.51915845847418 
0 0.70786028446243 0.378353627779 0.70919106179722 0.37394391183752 0.71174181969332 0.37077669485852 0.70794839652472 0.36741778491264 0.71110067525687 0.36394620385499 0.7149284296484 0.36041386265783 0.72115512248338 0.35880271118085 0.72676296848029 0.35726744221875 0.73345277889468 0.35752520480807 0.7215094065468 0.36624362457762 0.72076634709889 0.36635096894841 0.719656776103 0.37050917209816 0.71442391895011 0.37726615026649 0.70741787178464 0.37688372246517 
0 0.74811983814123 0.46742988979689 0.74768784885561 0.4627176236218 0.74495727787728 0.45806613777181 0.74070940841753 0.45475826293714 0.73672769441801 0.45356916836451 0.7294608009213 0.44836535090774 0.71448601698179 0.44816497342042 0.70128973196207 0.44925362864824 0.69554882446492 0.45071719935045 0.69122838309796 0.45293640354099 0.68797240283676 0.45743570958712 0.68760785479947 0.46079922084709 0.68527828666215 0.46476914101838 0.69370130912247 0.46632512394808 0.6972423801955 0.46330723202639 0.70166473732267 0.46134414413126 0.71042661531802 0.45778826687831 0.71370843247895 0.46069021267177 0.71849887683303 0.46211754949165 0.72379756485852 0.46715779588922 0.72700664937706 0.46425585009576 0.73207032779405 0.46523245516159 0.7362385629738 0.46826822113144 0.7392802385393 0.47044203464704 0.74015640994103 0.4733095110522 0.75026446022596 0.4741536042669 0.74980134264655 0.47036277735452 0.74723501278565 0.46713590873413 
0 0.4353340749444 0.35826474355088 0.41533736668732 0.34563449426657 0.4034992885541 0.3406436366863 0.40116547325518 0.33619781998262 0.39626778807071 0.33441264942218 0.38686138691826 0.32775785906869 0.38533718679925 0.32255639346037 0.38860431585965 0.31740478703903 0.39637148959977 0.3158613864985 0.40469274096355 0.31516441621251 0.41399809506295 0.31352165007527 0.43123750096032 0.31359973144357 0.45055589246063 0.31393275318306 0.45133790109013 0.31242321926011 0.46364671667218 0.3131892162979 0.47310071105602 0.31437137291763 0.4825409125362 0.31275741692382 0.49229044895288 0.31475437143652 0.50020450369831 0.3134837664692 0.50772817350673 0.3156472506978 0.5161460477969 0.31680424253919 0.52372758518211 0.31912681046878 0.52359627710266 0.32057601947918 0.49146083672044 0.32096936613123 0.49305599983118 0.32108648818367 0.48019577147302 0.3225661536314 0.4742801832252 0.32141033771423 0.47299789435229 0.32422844011071 0.4729936471907 0.32528089228882 0.45070011898995 0.32024476162603 0.42664738106168 0.3229698484166 0.41779735807876 0.32427030301299 0.40828902504792 0.32959183048431 0.41656090315811 0.33311960314838 0.42304755767598 0.342909407476 0.42874282441582 0.34343822059835 0.43405354606584 0.34618223976888 0.44585180705907 0.35049376592648 0.4565560700103 0.35467782189848 0.46015146926933 0.35749992243731 0.45362252010052 0.3582659194751 0.43897441367404 0.3594671083827 0.42825547209977 0.35473697088681 
