0 0.42541089813783 0.4555833766271 0.41339230216059 0.45694874568285 0.41941609848934 0.44976688798658 
0 0.42468975284435 0.47625052239391 0.42318571142463 0.4814652988073 0.42906377689853 0.47639293689014 0.42351765601037 0.47625052239391 
0 0.42820604334628 0.46625514105971 0.43992701168605 0.46801903188339 0.4450236721051 0.46745977083564 0.44104034018535 0.46106566676132 0.42976883912491 0.46096346858867 0.42859674229094 0.46684310466761 
0 0.43797351696275 0.45096808725448 0.44884517652606 0.45165824927268 0.43725009167917 0.45382066177516 0.43685181318505 0.45107028567963 0.43875491485207 0.45096808725448 
0 0.40007571933083 0.26399565994428 0.39193018734044 0.25761709318483 0.39572762470701 0.26803614585772 0.3931022841448 0.26820043785955 0.40236114564122 0.2697862932627 0.39929432144151 0.2622317691206 
0 0.35439676151708 0.27040929948589 0.35709500147592 0.2763395002853 
0 0.35162905019311 0.26340769633638 0.34891439089973 0.25867189987074 0.34429273506032 0.25625172412907 0.34107861589154 0.25060515696694 0.33567063468782 0.25056153006834 0.34061164783652 0.25575042636964 0.34115956402267 0.26096919122147 0.34411762379775 0.2634232336661 0.34850345863584 0.27035873461689 0.35123835124845 0.26340769633638 
0 0.39388368201438 0.32108729268267 0.39388368201438 0.32505487100851 0.40664742551501 0.3217200591015 
0 0.36379720728286 0.29096672656558 0.3636831231939 0.28936477535464 0.3575750141872 0.28444352008089 0.35128984042325 0.2782113411801 0.35950975531227 0.29212890979824 0.36094666785464 0.29230694517422 0.36615241860156 0.29859886117606 0.37696688697673 0.3115621648827 0.37708206502271 0.30932519859662 0.38250262204398 0.29926196651629 0.37399843460999 0.29668221745547 
0 0.41023389189196 0.32984758402837 0.40406967208306 0.32939227843437 0.40123866760157 0.33105398114102 0.39748655131143 0.33052457872185 0.39739958172855 0.33269839771804 0.41339690589306 0.33102351124416 0.40828039716867 0.32808369320469 
0 0.38913614888038 0.31044478496788 0.3890785539552 0.30654671784134 0.37982727201811 0.30760716897775 0.38841389692733 0.32093912585723 0.38985995182478 0.32095287056816 0.38874544993572 0.3086808941442 
0 0.42352069669132 0.29101448360399 0.43207794104065 0.30998089559558 0.42320477753265 0.30574744013297 0.41974646684147 0.29841047764085 0.41520998336985 0.29340185097718 0.40828039716867 0.28810216786792 0.39890518529263 0.27752117478026 0.40360114592046 0.27857764249856 0.40790953935395 0.27749073300047 0.41179512487482 0.27988503834405 0.41374251817078 0.28461402952287 0.41657055334036 0.28498948852773 0.42040120011639 0.28867638757991 
0 0.4351325815924 0.33177059116822 0.44017197273289 0.32799468897371 0.43843211223648 0.32504170062403 0.43295240339649 0.32211740489768 0.43178257264595 0.31701282257562 0.44064199075478 0.31817499141363 0.44428267250538 0.32505487100851 0.44678103591378 0.32881007688454 0.44722822991454 0.33650463883394 0.44840259277273 0.34611137598063 0.45056518951657 0.35103956922478 0.4419591078004 0.35236989565039 0.43986824338098 0.34512430270064 0.44290686527641 0.34270752406022 0.44299539765503 0.33876641718365 
0 0.41139605850822 0.33982922017443 0.4063856572287 0.34576963853013 0.42244323391256 0.35566166862239 0.42697517853294 0.35051698718329 0.42195102465091 0.34807210401865 
0 0.43804367935551 0.36678887962068 0.4435737956355 0.36372264948298 0.44970440162344 0.35860207455119 0.45200968161827 0.36393278767113 0.45328859551141 0.36996000246339 0.44843384868751 0.37654707618894 0.44450857462947 0.37645805850095 0.44359894936949 0.3692877248911 
0 0.42390835495503 0.3739448546204 0.4200105011816 0.3698153634195 0.41459947721435 0.3667871157299 0.41840957322641 0.36399370069937 0.42502168385899 0.35933479478083 0.42513920609858 0.36324557582358 0.42774743404744 0.37501860603247 0.42351765601037 0.37512078183619 
0 0.40554550455606 0.39569950811247 0.40122108614951 0.38980835984453 0.40783171212614 0.38990654976457 0.40795533564671 0.39148558479004 0.40873751493392 0.39265927771446 0.41056433861584 0.39284636772977 0.41056433861584 0.39443692684166 0.40476410666674 0.39569950811247 
0 0.44539679691128 0.39863932615194 0.44428345390325 0.38945180681499 0.44570809849906 0.38917335916404 0.45080781355508 0.38050313042835 0.45718418407164 0.39032118169038 0.45823187471394 0.39049451335761 0.45824179846688 0.39324547741672 0.45235380924004 0.40091534489522 0.44545555070761 0.40135984537156 0.44539679691128 0.39746339893615 
0 0.42781534440162 0.40275507140719 0.42792137321321 0.39623233246937 0.42555053393712 0.39381615488013 0.42928350597946 0.39169348871653 0.43369488765216 0.39687086093141 0.4308745171383 0.40441678568449 0.42820604334628 0.40040321697562 
0 0.45399217369377 0.40451896223087 0.45548549562173 0.41382760207105 0.44665741877081 0.40580049920436 0.45048501809515 0.40629438862251 0.45360147474911 0.40451896223087 
0 0.44578749585593 0.43450510623345 0.4458378886852 0.42577409283082 0.45119851248986 0.42736112416115 0.45507573057893 0.42285144340253 0.45628752239507 0.43266773077378 0.45321077580446 0.43332917901767 0.45018285898335 0.43569480253619 0.44578749585593 0.43391714262556 
0 0.42955668267466 0.43005058722844 0.42847155545318 0.4250712411517 0.42860283029527 0.4176276220638 0.42815798048812 0.40753569736014 0.42240353215718 0.41755411541788 0.42280267694164 0.42558569830171 0.42344818296902 0.42734958912539 0.41771514493971 0.43440868020176 0.4219594637479 0.43847503651395 0.42641202508833 0.44305351968125 0.43032206883055 0.43267690300583 
0 0.40906179505799 0.43862085148871 0.40900224613477 0.42686157933083 0.4113380787863 0.42205334162134 0.41062459083662 0.41630470397946 0.4083597808064 0.41145506267134 0.41407446251796 0.40872197270546 0.416778099215 0.41636549941498 0.41620118656741 0.42451549796355 0.40912203442818 0.439708359615 0.40906179505799 0.43568103344924 
0 0.40476410666674 0.46155143219656 0.40846050299179 0.46000568599579 0.41093972215239 0.45436840865844 0.41619048800224 0.46078897109444 0.41288180841744 0.46494834314433 0.40592322596948 0.46746212269001 0.40433526921893 0.46225993841151 0.41134417368968 0.46087622489165 0.41147240754653 0.45975544869059 0.41062459083662 0.45919957776499 
0 0.38210356787652 0.46625514105971 0.39688370895297 0.4610680186157 0.39727291713389 0.46615296295375 0.38439775207955 0.4761011796375 0.38060866988769 0.47320852607023 0.38327566471049 0.46449125023603 
0 0.36062426309365 0.46444763334849 0.36803840586879 0.46568094578125 0.37507098687265 0.46449125023603 0.37266005633898 0.47027093250163 0.36693420717007 0.47341290221517 0.37127730012001 0.48051325855114 0.36419814252974 0.48320613187529 0.36407382212869 0.48162487212645 0.35982379911606 0.47861732075533 0.35677603486555 0.47320852607023 0.35443645150425 0.46636533540355 
0 0.30904442802106 0.46331297116581 0.31577171282071 0.46344621375683 0.32903523839872 0.46059482551602 0.33678249029607 0.46331532302024 0.34432172492128 0.46327170616241 0.34655761678529 0.47450039967686 0.33880388386525 0.47400086580821 0.33827737798073 0.4814400163728 0.33098873307267 0.47397217318487 0.32535610896057 0.47343018834481 0.31925862267392 0.47969105986894 0.31496093439124 0.47457389512599 0.31484685030228 0.4761885607452 0.31288194721944 0.47221063426012 0.30853620296778 0.47464515631347 0.30441206315193 0.47045814997471 0.30429688510596 0.47204753315942 0.30123044912788 0.46671105799626 
0 0.27897771877673 0.44920654828523 0.27581321368452 0.44924559946499 0.27389980472128 0.44669277913673 0.27225957245325 0.46046276889302 0.28102740669956 0.46806043444229 0.28237883114386 0.46256779614882 0.28478897473279 0.45977144130032 0.28475045181782 0.45107028567963 
0 0.2886395471545 0.46566717745182 0.28026733782069 0.46637227337395 0.28721373378929 0.47617821258596 0.29302686177282 0.47742644960969 0.29919756074888 0.47966119131842 0.29805601660121 0.465351333391 
