0 0.38310093839271 0.38056004530416 0.37772648384575 0.37859060245291 0.37474631051097 0.37783671553391 0.37402406446012 0.38220446188117 0.37975937420856 0.38413661579963 0.38572745105172 0.38531596521554 0.3914349373707 0.38729117011 0.39194847205058 0.38216718498937 
0 0.40394989006607 0.41667323955958 0.41044986382795 0.42248055596804 
0 0.42534143868404 0.43822926772585 0.4224768340218 0.43152625825425 0.42382973954874 0.44210960292898 0.42508045178901 0.43744492427292 
0 0.41596466401222 0.47585893863105 0.41725958998175 0.4742030076915 0.41861258039293 0.47081986517715 0.4219151584887 0.46729561140046 0.41600435244406 0.47697631436716 0.41622486950936 0.47429142765241 
0 0.41205767456563 0.5025136808313 0.41486351155448 0.49778928481904 0.41644459200378 0.49277207388691 0.40886722698355 0.49967264067796 0.40970581677654 0.50450265312438 0.41309927795209 0.50094499392544 
0 0.39903411594437 0.39668023141044 0.39616036284719 0.39191044728237 0.39386992941188 0.3865568035823 0.40294032399307 0.39393561728879 0.40132110507682 0.40052035095341 0.39799251255791 0.39471996074172 
0 0.4117966876706 0.3958958879575 0.40868484232015 0.38990890161894 0.40446115241572 0.38525622811449 0.40118904883686 0.38089306788326 0.39795203002234 0.37558128719101 0.39356315260828 0.37120259235318 0.38836084001199 0.36884040218952 0.38678585446607 0.36531426692934 0.39148034254833 0.36601829453564 0.39531098336295 0.36776842696669 0.3985785609749 0.37265064145786 0.40415820446168 0.37664526610897 0.40740741308296 0.38307723503868 0.41076726764257 0.38648964615842 0.41205157318101 0.39032976595884 0.41435755643392 0.39363129912648 0.41592574381838 0.40249896603671 0.41283907245495 0.3958958879575 
0 0.41987165345881 0.42019877572618 0.41831650874014 0.41350376301494 0.41834854605279 0.40536187836395 0.42168855310652 0.41119212535254 0.4234710779266 0.41934671001713 0.41987165345881 0.41863008882032 
0 0.42534143868404 0.45351632153109 0.42245776116933 0.44565925673288 0.42268436655151 0.45226232306817 0.42173356162381 0.45776754378252 0.42456004079472 0.45430066498402 
0 0.39668992227641 0.47154681353076 0.4024260016644 0.46598186554817 0.40391253297148 0.45967042915504 0.40531123515803 0.45783527718844 0.40532951986818 0.4538676988626 0.4052860804568 0.44921220313291 0.40632612104748 0.44292499083981 0.40611169913563 0.43043757399404 0.40862608120035 0.42954646724376 0.41053300456127 0.42456829709421 0.41227895996106 0.42456947302139 0.41121750909502 0.44289277043491 0.41232396847835 0.45115530521519 0.40943795358685 0.4585990418958 0.40658867073829 0.46457968997149 0.40503118216157 0.4686081714185 0.40346307918102 0.47232998105647 0.40372250328028 0.4797874858982 0.40107840289852 0.47317524733087 0.39899519617823 0.47893540905917 0.3972561170797 0.47893540905917 0.39690511315668 0.47631944144101 0.39721111466859 0.47037088631497 
0 0.37202282637634 0.56025006842036 0.37083392951778 0.55412007759203 0.36704219635565 0.54869870048604 0.36825969237624 0.54138702042843 0.35994554090414 0.54919705842751 0.36543400670369 0.5514972895962 0.36439200734119 0.55565313386453 0.36453969153854 0.56084614591098 
0 0.35892222225414 0.52485629793126 0.35427923425289 0.52570838325641 0.34882429572537 0.53044312813347 0.34850267723795 0.5326950287517 0.34720047281259 0.53466565581823 0.34435720038456 0.53786264905903 0.34352048429566 0.53732760218936 0.34199207002415 0.54493432237796 0.3461657457537 0.54689341706997 0.35084765230379 0.54445430090958 0.3568374527381 0.54482519633509 0.36054299771522 0.54171086271514 0.36517989081308 0.53780185362351 0.36914486528007 0.5323803589248 0.37041689747478 0.53694977678447 0.37510950424075 0.54126072584865 0.37737587062167 0.54135832780509 0.37453759914 0.54372169825414 0.37490805986997 0.54910063239825 0.3799753469144 0.55105055485821 0.38240768220282 0.54326003725042 0.37693367756728 0.53812452804337 0.3800645825511 0.5322368958081 0.37458448301218 0.52831400271533 0.37740181303094 0.52523754201111 0.3800645825511 0.52672814731218 0.38269609615648 0.52690147897941 0.3837762224316 0.52414087231737 0.38634248931487 0.5229821136682 0.39193096873831 0.52221729062638 0.39607261794385 0.52217025353893 0.3945677958492 0.52133887301837 0.3951729103594 0.51316476796249 0.39356315260828 0.51507447371268 0.39095953490685 0.51507682556705 0.38631045200222 0.51569347306585 0.38808688191892 0.51151682360391 0.39076340404158 0.507705399489 0.39383711070136 0.50249534541774 0.39716531864725 0.50048568585672 0.39647471921012 0.49813383148456 0.3964694057046 0.49669379105249 0.39902801488875 0.49154675775901 0.40118678278303 0.48888022527185 0.40295868059209 0.48567982184222 0.39310189344587 0.48409160506878 0.39278293282982 0.48800979455178 0.39142923316625 0.49145150765694 0.38679273661031 0.4974183882053 0.3846431110168 0.50483567570347 0.38175216753003 0.51295921589036 0.3795445622689 0.51302812522346 0.37506371432559 0.51476096278373 0.36991367724677 0.51770430860485 0.36803840586879 0.52015258906812 0.36516731030738 0.52023067923821 0.36100582486493 0.52289602726255 
0 0.53558870100645 0.4177780231509 0.53321551753675 0.41294907816126 
0 0.51077401411685 0.32769210944183 0.50712190777899 0.33242393631281 0.50973241073039 0.33040745637411 0.51203080547525 0.32815202803121 0.50999261622753 0.32769210944183 
0 0.53704014754919 0.38396894062389 0.53426016834859 0.38249162330001 0.53437926295526 0.37897183804664 
0 0.53291336051489 0.35591436262073 0.52985871042883 0.35306298713387 0.52584263793835 0.35511744952067 0.52946192603778 0.35719766471285 0.53295148319662 0.35631513135969 0.53239216812272 0.35552220365812 
0 0.53629915756931 0.3739448546204 0.53551313983246 0.36853724816095 0.5381748153956 0.37269085816762 0.53838314574012 0.3790562696186 0.53577874657502 0.37355327085754 
0 0.49128406691966 0.44992081685524 0.49405865447495 0.45084062710019 0.50057004292215 0.45462452559956 0.50143458152505 0.45139531195387 0.50213893356469 0.45110932646221 0.49961236169319 0.44563620856004 
0 0.53314152869857 0.39974753160672 0.53547117876686 0.39635756871469 0.53477987607165 0.40457530066918 0.53197778331134 0.40611059120333 
0 0.52453848489402 0.42993922692391 0.52166778540076 0.43426168929978 0.51810648647037 0.43436965019019 0.51761655000615 0.43870929187771 0.51472068950149 0.44096577855508 0.51362563852706 0.44804897596044 0.50757668133908 0.44734965206287 0.51078697634646 0.43741506641671 0.51234141112841 0.43857028661843 0.51231773477296 0.43587741329428 0.51365314373207 0.43237139712289 0.51550052457533 0.42888042208557 0.51865971616203 0.42730372796397 0.52011030316712 0.42797778037753 0.52636226752161 0.41421120081008 0.5271322569823 0.41038943745532 0.53056838544905 0.41078102120828 0.52745044219479 0.41628165580661 0.52644775244855 0.4237460888057 
0 0.50817648234377 0.41941443227325 0.51057177937318 0.41283889378393 0.51441313130002 0.40977960161662 0.5148907998177 0.4098622692978 0.51799584053204 0.4020706817676 0.51910762260642 0.39707876485791 0.52770299938892 0.38979119130761 0.52635617261823 0.39903208584201 0.52562057401389 0.40411821777195 0.5263432014136 0.4091342527769 0.52067119978295 0.41239674516196 0.51836669196094 0.41386665414456 0.51932515458777 0.41399294872434 0.5219539333006 0.4197382937701 0.51810492367463 0.42025617210285 0.51134020603812 0.42771366713154 0.50326445905603 0.43149756563091 
0 0.52204473173305 0.37030972320853 0.52453395278638 0.37714762220287 0.52274752097695 0.38411769541293 0.52276127357945 0.38922274810586 0.52698035323645 0.3849984648753 0.52849126415707 0.375895965306 0.5242599946933 0.36150920174061 0.52098937577039 0.35541601743322 0.51940299100858 0.34813361796254 0.52227821341648 0.35076052170352 0.52620434701217 0.35090457278382 0.52432406931861 0.34493885898339 0.52297115704722 0.34256689625635 0.5216639565512 0.33995316289985 0.5158584047996 0.33685611023447 0.51576760636715 0.34095234822986 0.51958074983091 0.35833114092751 0.51863455515063 0.36541820637873 
0 0.46889670539709 0.38062895463726 0.47320205940477 0.37149657415713 0.47697699260806 0.36583108692762 0.48214460301771 0.35912924270871 0.48628358939308 0.35122160275319 0.49148551129043 0.3461819316118 0.50296003522367 0.3438513615217 0.50790940945461 0.34652589031373 0.5105183317589 0.34647885322628 0.51229179236369 0.34931530719183 0.51459097745514 0.35046995009584 0.51568290283809 0.34342990921821 0.51341653645716 0.34292120311751 0.51307397163114 0.34069387943436 0.50662056290587 0.33866703814678 0.5016200072395 0.33245380486333 0.49886456393201 0.33289477755811 0.49593432192109 0.33434798837467 0.48899636837689 0.33355282641144 0.48912382279751 0.33386690325193 0.48599134658985 0.33821749437319 0.47955778537047 0.34488088577312 0.48156160206721 0.34617158345256 0.47664660946757 0.35002556721222 0.47301123401914 0.35553137589017 0.46987345273406 0.36305719228837 0.46635106741758 0.36920611554439 0.46466465453545 0.37393569468681 0.46421370982492 0.37593265423421 0.4628485373713 0.37629788497919 0.46138341632883 0.37885236384453 0.46369479128544 0.38384263399568 0.46131316093305 0.39122147154404 0.46726678758094 0.38863243265845 
