0 0.69887491333903 0.28547527859396 0.7013717139517 0.26235349270492 0.7053062085046 0.25919154209427 0.70585639074457 0.25283353898457 0.70716508983281 0.24163930013667 0.71379703403501 0.25179423915327 0.71498063152177 0.26636528589296 0.71265470848947 0.27985399386634 0.71350174378009 0.29456976755475 0.71604433430791 0.30766631811521 0.73453384883766 0.304551404592 0.73872472003157 0.31926659094072 0.72703196045099 0.31641345248888 0.71780091671873 0.31582548889584 0.71450896563398 0.32032070575007 0.70852486446918 0.31835020456435 0.70305132867235 0.31704504298052 0.69896119339286 0.31869004752113 0.69709316991682 0.30521862567738 
0 0.67434637848146 0.3175003482626 0.67365193708755 0.30576919478591 0.68132018508066 0.30347825344198 0.68537595258292 0.31508759458657 0.68444577655897 0.32355284564226 0.67941630917143 0.32755148201728 0.67239288375816 0.31632442104682 
0 0.66262234987888 0.3175003482626 0.65472444905191 0.3186607669342 0.65237642659361 0.32996988045881 0.65924342921125 0.32859182479881 0.66002101097659 0.32298665027363 
0 0.6196485262292 0.40334303501509 0.61970876027952 0.40500697202543 0.6246421157291 0.41969113908994 0.63011041616019 0.42159978650567 0.62048867349314 0.40049165833007 0.62042992411851 0.40275507140719 
0 0.62581116508177 0.3687840752773 0.62752125431935 0.382662132742 0.63479724058192 0.37203632474918 0.63216080416997 0.3552787867306 0.62832937599606 0.34806294473865 0.62587836529856 0.34102124443278 0.62085725886822 0.34802741878445 
0 0.59028959932862 0.33637375813813 0.59581432780922 0.34393061901405 0.59659728849431 0.35630594638359 0.59816008427295 0.36924114575725 0.59653086967372 0.3834527085892 0.59541752284772 0.39921354307152 0.59582353718076 0.41452811318673 0.5934411332162 0.41918937095964 0.59419510402056 0.42683172174198 0.59262238452846 0.44145849204605 0.58759135434518 0.446159848936 0.58320669647961 0.43864955477665 0.58135087653936 0.42864264960854 0.57977815704726 0.41689490183416 0.58164390074045 0.39822588182793 0.57898832008069 0.38980612558287 0.58168430977668 0.38051065636234 0.58636963877609 0.36325815824447 0.58298993671059 0.3509143200992 0.58175072859727 0.3387572449516 
0 0.53721104890614 0.34219481979414 0.55088551196921 0.34147598860582 0.55948088875171 0.33912636849531 0.56378013993874 0.34101654072392 0.56844710654051 0.33690715870974 0.58174916580149 0.35264729687359 0.5778727183423 0.36512304864756 0.56878287320507 0.36151261192945 0.56035839858141 0.36207129493556 0.55636599221875 0.36207070697197 0.55205917159896 0.36099590952389 0.54387425331652 0.35862571068763 0.53805041685477 0.35210354814275 0.53682034996148 0.34160685618625 
0 0.51142491855865 0.33102351124416 0.51188351197684 0.32877385832721 0.52714898828539 0.33040745637411 0.53362833958362 0.35052674737893 0.53558034004924 0.37325471525335 0.53087288672376 0.38323516205977 0.52783427423433 0.38511851502481 0.52705131354923 0.39099579924932 0.52304977495803 0.39862557947848 0.52549164336215 0.4086323556317 0.52360448002051 0.4333636444825 0.52086811205106 0.44930639490051 0.51462832827331 0.46860464363686 0.50593605837212 0.46015161855958 0.50157046661457 0.45697637997173 0.50175355688256 0.44398485401262 0.50205954354114 0.44426966357709 0.51111969555933 0.43401592051169 0.50953017601303 0.42324537900987 0.51506637991899 0.41571779872089 0.51453143493748 0.40860602628491 0.5157226069499 0.40334068316065 0.51140584345917 0.38919981752573 0.51338832799407 0.38095621517315 0.51611330589456 0.37628296294294 0.52168076585595 0.36939097129804 0.52785333093634 0.37044519002036 0.52273611256805 0.36338962690388 0.51995387652056 0.35287860175109 0.51728383993275 0.34747274688396 0.5121773175758 0.34410334966536 0.51181561750331 0.32867165681258 
0 0.62160202095249 0.30280125806526 0.63879277451749 0.30809057868187 0.64122392550006 0.3120778089538 0.64231975787235 0.31867392362396 0.63887215233199 0.32807218257528 0.63127103843491 0.32881807318941 0.62580281600546 0.32058540695965 0.62324419494042 0.31498717040488 0.62316175746518 0.30926885775209 0.62511831145442 0.30103736724158 
0 0.59073680432443 0.28692859250656 0.59748549230956 0.2932629739765 0.60481109733686 0.29634519672394 0.61213826515989 0.29468690420612 0.6145755232549 0.3051668848812 0.60673638354771 0.3069319515875 0.59902844054283 0.30926885775209 0.59198288851199 0.30683376166747 0.5889709904237 0.3002105869773 
0 0.52227751015839 0.28561944726697 0.51424677169359 0.28326759289481 0.50439233755479 0.28457438622056 0.49577710466973 0.29264278997856 0.48720158398979 0.29162994951528 0.47048849099721 0.29705251692636 0.46366353536986 0.2989605763785 0.45752830407217 0.29571525253035 0.45834861555565 0.31270763555466 0.47440619355221 0.30987176955271 0.48260015797567 0.31504631954234 0.48760141690012 0.31278289489457 0.49143136041807 0.31525069568728 0.48412255544497 0.32641800580262 0.48319770120492 0.33806532939531 0.48449567292769 0.34514840920795 0.48093132654561 0.3516482291363 0.48017056578171 0.37706154433285 0.47734713265764 0.38100041791513 0.47784386728334 0.386851961306 0.47477859972055 0.39111528531914 0.4754913127174 0.39627137325195 0.47039237905925 0.40161125860394 0.47119206163898 0.41510230717296 0.47039237905925 0.42508394116531 0.47196432514809 0.43805124302438 0.47518602864575 0.44847159377536 0.47710216442553 0.45793523099926 0.48057875982686 0.45276185693681 0.48214999466301 0.44629308148618 0.48296953302124 0.43284116922311 0.48519768077372 0.42991735467825 0.48252233074786 0.42769755692909 0.4786756653155 0.42793755273328 0.48400808065708 0.41626672153135 0.48446669137718 0.40981063470192 0.48713210933965 0.40462116182944 0.49064996254849 0.38289696540106 0.48845915734156 0.37843326339541 0.48679102916958 0.37221143265386 0.49026075672647 0.36208517087636 0.49139088400843 0.3488140094324 0.49376563027386 0.33552226926269 0.50038767337203 0.32521503229125 0.50946986103957 0.31939689735268 0.51249934065646 0.31557513399792 0.51374011331496 0.30851957088143 0.52353658584308 0.30691700332052 0.53252422436601 0.30456750074337 0.5427677939332 0.30351788218816 0.54886410383207 0.30231549664039 0.55752739402841 0.3086808941442 0.56260804310476 0.29444113542423 0.57160168787978 0.3016115866268 0.574784566414 0.30734364369535 0.58090141648478 0.30740279283281 0.57947442769536 0.29855288242308 0.57629085649512 0.29048331729404 0.56423569490821 0.28649962876575 0.55206220903268 0.28516177640615 0.53787038278562 0.28793743493618 
