0 0.63798081178216 0.29577156516928 0.64180161294504 0.29792070396785 0.64174058577142 0.29129517742331 
0 0.63371368823692 0.2884943540515 0.62984481902432 0.28882855255779 0.63106426853959 0.28934643089054 0.63140761476348 0.29196298647229 0.63418751582429 0.2897386026071 0.63267130345257 0.2884943540515 
0 0.73425302906391 0.39785615862622 0.73733820765179 0.39242726728065 0.72934560140302 0.39125134009457 0.7304223676673 0.39552607060141 
0 0.72852303834154 0.32769210944183 0.73142583881141 0.33115899143874 0.72854896627499 0.32722186962702 0.73034603961732 0.32808369320469 
0 0.71602067211246 0.3124050556366 0.72066403665265 0.31902942010703 0.72489608751428 0.3146403894777 0.72278771978259 0.31241541764892 0.72274724337294 0.30737751039831 0.71945224483651 0.31076747329035 0.71576046661531 0.30848511621488 0.71680207000177 0.3131888249592 
0 0.72800184594937 0.3073091890288 0.73056731697211 0.3135218475383 0.72664282431194 0.31055216102257 0.7282628328444 0.30770134677345 
0 0.6904947472621 0.27830316637876 0.68918761139072 0.27391297453682 0.69193242768719 0.27118670494861 0.69282517475318 0.26547534419853 0.69496948678688 0.26522275503896 0.69955254157153 0.26860119384457 0.70092608274668 0.27163861376622 0.70165559579771 0.27541273728236 0.69625066673384 0.27415756739152 0.69433766208177 0.2766403024595 0.69253371334783 0.28022499889354 0.6905352101566 0.28020371461148 0.6904947472621 0.27791100937677 
0 0.6917706001884 0.3116310742158 0.6887839412513 0.31341272149543 0.68942796937541 0.31275243838045 0.6910288973306 0.3126737688517 0.68759121554317 0.31128829144106 0.68662743941084 0.31116999316614 0.68709448091748 0.30572333362565 
0 0.64198400349746 0.28506299852252 0.64600545534358 0.28802633503144 0.64804435680467 0.29358682432355 0.64398249439903 0.29510894447321 0.64589707545907 0.29955712424 0.64982234951711 0.29835309239417 0.64982234951711 0.30058664849141 0.64443195445361 0.30148870223585 0.64695321281959 0.30499519951203 0.65429023885633 0.30221329445737 0.65550811297531 0.31840123980423 0.66035137325053 0.32249005622295 0.6621049991474 0.32533907908304 0.66472157525551 0.32643000025991 0.66809519536691 0.3312198910892 0.67062097289125 0.33169074571228 0.6722173687388 0.33520641522051 0.67438606038602 0.3440087005792 0.67929497131451 0.34376293179731 0.68135988009244 0.34961093528641 0.68373079750831 0.34845746830958 0.68548207980213 0.35091492094306 0.68813678753571 0.35579666506335 0.68558505465282 0.35714945169822 0.68627565408995 0.35991182225104 0.68553473263002 0.36455638185791 0.69097091760867 0.36616352154312 0.69132192153169 0.36917283680502 0.6968038964255 0.37002548921018 0.70165106369007 0.37361878231016 0.70403949827554 0.38178476136806 0.70722305561846 0.38147985554911 0.71029068139009 0.38248127514078 0.71336437403462 0.3826684827488 0.7162808776096 0.38414580007267 0.72196584550337 0.38106875140486 0.71970713682156 0.38762536861629 0.72832690747133 0.39038950305989 0.73217590262642 0.38607961233018 0.73237203349169 0.37795207399087 0.73055590856321 0.37284584537075 0.72858178498551 0.37240546063956 0.72715481063735 0.36923198594248 0.72614905899815 0.3673469746632 0.72356224135091 0.36731075610586 0.72275333827633 0.36106022011702 0.71976356800229 0.36067605732928 0.71963001285184 0.36173603809481 0.71732248099606 0.36022708832963 0.71445865773171 0.35895238325992 0.71366880664461 0.35708113032871 0.71237388816301 0.35664015763393 0.71106597034104 0.35241587440337 0.71205568888265 0.34307558927876 0.71243185381707 0.33947267905161 0.71400004120152 0.33621875768351 0.71320184327775 0.33397133889697 0.71388478501576 0.33066404368612 0.71335749773337 0.32573361618032 0.71029068139009 0.31985220269418 0.71029068139009 0.3146707283991 0.71218391627305 0.3113239220348 0.712679088103 0.30620158321223 0.71498671229144 0.30212487884352 0.71419845223457 0.29713812442551 0.70980838860975 0.29784262240269 0.71055010548934 0.29280470080385 0.71029146278798 0.28732759909747 0.70872710421356 0.2841828024577 0.70401197921321 0.29770198151124 0.69952659916226 0.30538972308296 0.69940220062142 0.31844204447758 0.69630489574599 0.32361882872887 0.69409650908699 0.32266338789018 0.6891929383785 0.31946061893132 0.68652368318859 0.31836043513087 0.6842832458021 0.31548153019391 0.68420385577855 0.31324797409666 0.68165063823971 0.31082944465305 0.67857083667655 0.30887727398924 0.67904006609723 0.30535867860525 0.67849980761021 0.29905759037135 0.68086994362821 0.2880740776752 0.67950554480814 0.28703244137377 0.67968488886128 0.28419375314657 0.67881267931718 0.28011762207272 0.67851965511609 0.26450673297536 0.68601466720151 0.25290421220845 0.68261058552248 0.24781456416165 0.67960556373545 0.24271303925028 0.67773139413798 0.24500280466702 0.67565661332196 0.24271985962796 0.67125204283976 0.24019526155216 0.66600431799821 0.23950957840996 0.66292451643505 0.2368127070014 0.66464297949191 0.24077287698596 0.66428588065649 0.24982257742461 0.66672696766272 0.25393138460549 0.66836992190857 0.25054083374986 0.67097275821213 0.25045357995266 0.67335586543477 0.25508896732747 0.67156568291557 0.25946188775435 0.67099948201927 0.27352197874745 0.67178697479223 0.27705893253774 0.67491866117393 0.27087261479721 0.67638987708277 0.27091459539775 0.67567411663424 0.28084283103711 0.67414335820773 0.28735005930673 0.67464704727446 0.29392266912789 0.67387018151253 0.29875502430637 0.66985334061788 0.29836967296749 0.66549001480393 0.29241429296821 0.66236442324665 0.29122568012661 0.66282762309922 0.28449631921155 0.65720062076082 0.28019454237942 0.65417426681194 0.27203137344637 0.65149735399034 0.26950501147979 0.64902876184077 0.26644629226198 0.6454338751788 0.26494770567014 0.64334377978044 0.26890317194596 0.63792056600642 0.27312004683524 0.63881487586815 0.2812073684648 
0 0.54353317314645 0.22783824991325 0.5396277465943 0.22349509643359 0.53641362273736 0.22661293375439 0.53964681270231 0.23093365903459 0.54214205051924 0.2354117073519 
0 0.58656960938069 0.09093858678989 0.58396364741982 0.10271561515121 0.58005743937112 0.10226723411516 0.57635422786234 0.10315494154793 0.57302563976515 0.10309118715365 0.56919037219405 0.10424643716205 0.56552835107827 0.10034718020573 0.56264616503633 0.10459839216885 0.56736502677072 0.11611024894971 0.56494456872991 0.12268862081408 0.56599227736339 0.12769665951416 0.56389608906851 0.1339575310383 0.5628026111792 0.14191397197204 0.56653104082452 0.14738426764897 0.56116041512712 0.15053022564989 0.55614009009465 0.15096249648349 0.55349147393008 0.15953277140837 0.55429114645565 0.16699885070552 0.55246814522593 0.17069149725525 0.5493372402421 0.17163716048912 0.54508988382414 0.17874093679969 0.54281132757889 0.18775794669035 0.53836938346513 0.19135230272926 0.53525833558074 0.19873287539529 0.53427696840279 0.2028267650256 0.53209382089497 0.20809033270321 0.52456059845373 0.2073376217114 0.51914808983052 0.2152526700082 0.5204117756837 0.22032726618701 0.52172654652055 0.22065288042484 0.52275596935165 0.22476121723485 0.52558165104991 0.22427085559825 0.52140070360894 0.23284277682119 0.51767226367425 0.23326658097905 0.51810648647037 0.23903709086659 0.52294365184221 0.24470200249282 0.52638820993088 0.24151923797097 0.52638289642537 0.2347829390855 0.52823715356988 0.22929429894447 0.53077747804388 0.21955501860524 0.53349330447939 0.22217041445847 0.53629915756931 0.21841756043682 0.5394438055358 0.21618118211433 0.54070748217048 0.20851119704311 0.54822921806304 0.20373916692928 0.54597660428462 0.19396709442023 0.55408126298789 0.19313806575404 0.55346395867092 0.2061312380112 0.55087174937838 0.20972734093896 0.55419269032409 0.21381498143049 0.55474138790811 0.21275217843971 0.55630183945365 0.21872128620924 0.55166158634495 0.222068226386 0.5532220378905 0.2293936647917 0.55608132897486 0.23645840014023 0.55241627043438 0.24491790272418 0.55136317049856 0.24578032772245 0.55605085445794 0.24975590235316 0.55655751283658 0.25478404940812 0.55659642645048 0.25686085441146 0.55766319082203 0.2583032466979 0.55427130902362 0.26770031602731 0.55662924516101 0.27895770216511 0.55685053703767 0.28468058700161 0.56020351529603 0.28745683349522 0.56489268391137 0.28327100308365 0.5692338179156 0.27799826317398 0.5714032909607 0.27474212079572 0.57073253902945 0.26999302126202 0.57016025370502 0.26105701783202 0.56577628862229 0.26059712785979 0.5652627539424 0.25550924370378 0.56651955427583 0.24537663191947 0.5637068345045 0.24097490127653 0.56212497265732 0.23315745493618 0.56352601903748 0.22195451422711 0.56679351236891 0.21940802770326 0.56938494026358 0.2141594105033 0.56969703057269 0.21038362590151 0.57074552072412 0.20666685632021 0.57297296300111 0.19735023693458 0.56551686452959 0.19592854096661 0.56736580816859 0.1904583628824 0.5706279879945 0.1859446669236 0.5732194264417 0.18089523545901 0.57615653420134 0.17323514535146 0.57458765414589 0.16815876778482 0.57639767358389 0.16306807890061 0.57593446092681 0.15201965502378 0.5756361232202 0.14746117328694 0.57359870641506 0.14386271850481 0.57766135021858 0.13679974704705 0.57906544405042 0.14481474915466 0.57953092276133 0.14862734027738 0.58240085164118 0.14854643648697 0.58290452992345 0.1374313375387 0.58352261563828 0.12728496740632 0.58264963793839 0.12093272633983 0.58527005569402 0.11602346552337 0.58662835961071 0.11095063323534 0.59069256620996 0.10657818317933 0.59433012957242 0.09704670537256 0.59433091097029 0.09023408881271 0.58578821149138 0.09133017054286 
0 0.53174891187534 0.40747255007024 0.52219733873698 0.40265289490537 
0 0.53167718905399 0.41461429737841 0.53099876992054 0.41440064267976 0.53793523880879 0.41237604884348 0.53866623651578 0.42655502607509 
0 0.53206178358232 0.62428412500393 0.53132156538047 0.61857911426066 0.5356512909758 0.60447257414371 0.53848082047629 0.59692770105966 0.54346379481647 0.58472522890785 0.54657867134313 0.56784197192641 0.54625509448534 0.5504223745554 0.55244987054362 0.54608955324557 0.56063922274811 0.53855397665172 0.56467897159404 0.53048441152268 0.56855548642502 0.51693949422981 0.5833882933445 0.49808103235391 0.58770582913307 0.49572800205456 0.58993406329796 0.48858283328649 0.59784641998552 0.48977603722989 0.60291636378271 0.49320151320948 0.61107220404643 0.49679715505214 0.61839859047159 0.49574176040264 0.6215059090121 0.50389857932889 0.62677878196922 0.51035005979731 0.63166251877746 0.51680849594128 0.63840207557283 0.51917186577015 0.64340480695405 0.52457843482331 0.64964536289965 0.52430397341808 0.6567649259718 0.52390545169471 0.66269486360118 0.5232153000292 0.66112058131334 0.50614942155576 0.65275869899327 0.49109895534765 0.64120485939204 0.49319928823361 0.63026528921794 0.4879420705628 0.62314347275503 0.48392275144077 0.61955998212515 0.47870457455254 0.6153309787152 0.47507694703255 0.61028088242391 0.47275261910019 0.60559249520644 0.47153071316113 0.61100351917369 0.45733573312797 0.61488378471444 0.44673287825377 0.61732338700305 0.43950279690055 0.61929524452693 0.43402169333583 0.62427814060145 0.42753798360994 0.62166765837519 0.4267743364953 0.6102701887616 0.42627126386851 0.60510568433369 0.42283650912727 0.59894148216227 0.42392176129137 0.59356780887743 0.42699482284269 0.5900500227418 0.43734274689476 0.57950646500801 0.45130570630229 0.5712002942957 0.4446337306339 0.56605635199032 0.43932253790525 0.56034166643937 0.43438564279992 0.55485125244857 0.4298898379821 0.55472458785391 0.4320510745574 0.54820858915928 0.42576151040992 0.54352020194181 0.42871273486883 0.54705790265654 0.45029170428973 0.55038798595732 0.45226349899535 0.55251620119491 0.45746438975395 0.56019437294096 0.45988973957524 0.57309736154194 0.47851736694451 0.56914231622507 0.48092554822889 0.56777104110375 0.48403868834407 0.5657229191478 0.48622980298715 0.5645584122365 0.49375620734894 0.56293840783956 0.5007256925954 0.56150080229559 0.50084281494314 0.55713669508375 0.49447739423861 0.55099153767179 0.49697506364494 0.54521881447587 0.49861031718036 0.54262284462839 0.50848856701472 0.54114553381617 0.51391007061302 0.53602980010382 0.51563033449354 0.52794873961622 0.52157193321757 0.52276658708496 0.52565781838741 0.51805764910352 0.53039021140876 0.51035049646084 0.53740215597296 0.50428551165221 0.54737919259054 0.50088518068295 0.56209556100082 0.49418305301579 0.57744118313911 0.48719016720136 0.58633060470229 0.47995379781077 0.59751566466755 0.47470913344995 0.60780737966012 0.4688402963866 0.61854006735862 0.46253104765257 0.62794278137605 0.45505744586878 0.6354393173767 0.45604028810913 0.64721705698688 0.45630885455691 0.65091711187788 0.45869961947867 0.65371557816447 0.46101560462431 0.65851924084096 0.4692278697397 0.65966530458602 0.4792975798799 0.65527168784066 0.48426297264213 0.64620070311995 0.48911232782074 0.64196207357772 0.48459108160757 0.63323798162874 0.48374326491908 0.61746056617452 0.49111013623216 0.60854692665804 0.49423416499365 0.60322197558131 0.49707586606876 0.59501917118844 0.50280820083998 0.58209773720327 0.51013380586728 0.57430957144986 0.51602632720177 0.56196457025766 0.52424163184337 0.55548321238614 0.52612651978436 0.55347931486834 0.52654769323607 0.5487009347477 0.53056149967273 0.54211856473089 0.53760018505502 0.54549935539087 0.53437848155737 0.55477354032934 0.53213352542136 0.55856777935346 0.53125289000009 0.56372387492076 0.52744661334523 0.57150062687269 0.52706427536764 0.58326107495778 0.52322143878484 0.59428539260579 0.52211951150917 0.60527408611374 0.52393641783551 0.61387540551633 0.52002029534115 0.61677147282607 0.51641702613656 0.6127465154177 0.51104335298747 0.61969648027287 0.50358959870956 0.62843431895225 0.5004189292876 0.64241339443174 0.49345276710433 0.65086196089286 0.48797226832902 0.66206078585678 0.47761804329903 0.67626833811901 0.48485895311761 0.6862706571711 0.49502016455347 0.68058281496474 0.49930331883578 0.67318729129876 0.50168948225563 0.66831483700323 0.50295776039222 0.66183453746618 0.5103786959596 0.65429437475631 0.5140537664198 0.64837569267757 0.51845593676673 0.64384884874779 0.5218730586211 0.63721708978917 0.52506812570614 0.62762011283812 
