0 0.63121304669396 0.35660687889456 0.63564279121659 0.35495258452918 0.63918572729705 0.3586647514702 0.63606248001235 0.35923883912245 0.63277123218568 0.36007656964981 0.62964946955693 0.35859866436235 0.62892988025883 0.35431358569627 
0 0.57510962793596 0.28575031343634 0.57026627892067 0.28254580878799 0.57203591067591 0.28841627248635 0.57484864104092 0.2841828024577 
0 0.58991038694251 0.29797009290966 0.59127478576258 0.30034722971633 0.59441030099384 0.3012722140409 0.60012044406557 0.30406562907143 0.60321243543549 0.30961105257189 0.59726271577695 0.30650532520439 0.59094050375397 0.30614243407477 0.58577671407265 0.30419825959762 
0 0.57615123132242 0.31005320120502 0.57763314175548 0.30657999658071 0.57847705145463 0.30109829441008 0.5826626199341 0.30182171069451 0.58009790505549 0.29588293974709 0.57778653015728 0.29322616745557 0.57589632871077 0.30104655361389 0.57615123132242 0.31005320120502 
0 0.63371446963481 0.34611478616947 0.63404717676692 0.34227467835061 0.63683927979419 0.34457714378095 0.64203665742421 0.34808187716635 0.64443883075486 0.35545270636142 0.64520952347363 0.35739228066215 0.64236781384133 0.35940194022316 0.63858905188384 0.35093385337075 
0 0.6459436467721 0.38415379637754 0.64772163948454 0.39205520391897 0.64878457500652 0.40263560877574 0.65164691354257 0.40476473101897 0.65042746402731 0.38997087298164 0.64934242742117 0.37896442970536 0.64803294839578 0.37356363132513 0.64627480318922 0.36945882229668 0.64565132582909 0.36383118756225 0.64284165350945 0.36138455345889 0.64405649277728 0.36944847413744 
0 0.62687801950117 0.38226419898223 0.62956023392022 0.38725271729102 0.6306262168939 0.39387930217002 0.63271176780781 0.40210973413812 0.63680113541846 0.40406083252527 0.63345426413767 0.39234742182471 0.63215089245828 0.38061166850763 0.62959914753413 0.37748064478197 0.62950756770381 0.37473955851121 0.62817294014257 0.37151716524319 0.62407748946585 0.36222463584063 0.62477339057119 0.36736014504768 
0 0.58604919838641 0.37276892740461 0.58713579938721 0.38095102897206 0.59049034044131 0.38891665425932 0.59015301098101 0.38266330866918 0.589956187833 0.375895965306 0.5885879601288 0.37208336183781 0.58630940388355 0.3739448546204 
0 0.58500681360206 0.3566981308442 0.58479160577848 0.36603840289052 0.58785999893274 0.36101083117396 0.58865281615362 0.35559969725968 0.58556769014254 0.35527643487623 0.58552800599423 0.35709028983652 
0 0.59959925168656 0.3471311400364 0.59737868638363 0.34538559372138 0.59128853836508 0.34536666129369 0.58284498740578 0.34639042350189 0.58090369328525 0.3558380577003 0.57974072808931 0.36765177498983 0.57953624697894 0.3798854158775 0.57745304020602 0.38313354988456 0.57673039279676 0.37243650511727 0.57687463884348 0.36081209947449 0.5765563754912 0.35277359145337 0.57823903766355 0.34596779527121 0.57490965762086 0.34508302765641 0.57359331476976 0.34132205973716 0.57178258148659 0.33926936124114 0.5677336121458 0.33455871452642 0.56534215431948 0.331905456656 0.56495067397693 0.32837767500864 0.56475610590249 0.3242631056806 0.56608384682376 0.32130719106647 0.56667067662381 0.31749342401657 0.56789004799929 0.31513239741236 0.56708575517213 0.31271057537263 0.56920482805464 0.31154205652782 0.57433736182118 0.3116057917813 0.57840000562469 0.31431771505784 0.58213680651658 0.31838924534693 0.58664359686916 0.32096158606648 0.59078031719071 0.32301252067173 0.59559075875541 0.32519504152909 0.5944782044687 0.33303024436995 0.59555106374363 0.33396450521084 0.59585252704172 0.34125832448368 0.60406408097354 0.33916776113226 0.60831441654533 0.34476317546179 0.62041772256658 0.35035047589374 0.62394237393689 0.35628702669995 0.61632836659748 0.35748187359938 0.61289067316851 0.35375948880619 0.60871582063093 0.35128757226832 0.60611673503714 0.34865843426568 0.60401368081095 0.35013927937112 0.60167637477488 0.34925155901608 
