0 0.84504852667746 0.46978239237437 0.84312201831268 0.45340786911339 0.85180576613065 0.4708733079281 0.85333399851305 0.47366730776811 0.85300652745742 0.47337791241431 0.84504852667746 0.46801850354193 
0 0.34833160042364 0.64852312739541 0.34992636308304 0.65910646039008 0.35496311981942 0.6642086894499 0.3537746990197 0.64685919226347 0.34793800539491 0.65028701622785 
0 0.60495555915382 0.1678634205543 0.60101495242418 0.15837559711868 0.61334329304055 0.15694990460772 0.60455274189102 0.15309780668016 0.59944522875164 0.1519815002626 0.59511647062569 0.15677257498825 0.59298475995011 0.16371959218304 0.59418009620399 0.16632920684842 0.59454527366242 0.17014978996298 0.59982881447557 0.17228809354424 0.60179143667724 0.17376493883004 0.60451739705833 0.17248729538469 0.61235080384118 0.1738085656794 0.61972071312991 0.17585314796973 0.6222391702171 0.17486783969282 0.61932099051231 0.16993741775292 0.61341319551588 0.16933332791467 0.60338117903891 0.1678634205543 
0 0.45283108055073 0.3028009162363 0.449643110059 0.29880864784553 0.45082468230539 0.29274923294268 0.46030938609655 0.29074767588126 0.46637475558851 0.28951320257242 0.46832423171655 0.28780093692973 0.47187587572805 0.2877413174887 0.4683819327463 0.27698053754933 0.46227814843024 0.27640915517464 0.45893714795655 0.28200867892807 0.44909192777782 0.28016434288659 0.44432572007423 0.2816491983931 0.44314414782784 0.28901425723062 0.44633754976679 0.30251435645758 0.45048028666395 0.30722440989158 0.45358370466806 0.30373402675811 0.45184709297891 0.30309489770837 
0 0.80254026357491 0.2845740649677 0.80119653014683 0.282172250215 0.79708446846955 0.2759671246444 0.79071468412355 0.27076671012737 0.78702632192259 0.27305141647802 0.78727537213041 0.26766955660101 0.79122519368906 0.26779125068994 0.79854738243537 0.27551063022609 0.80459890584918 0.28168306505783 0.80859334425681 0.2894959164623 0.81236933742902 0.29317879865882 0.80729416581881 0.29079131638812 0.81296895745607 0.29604051830448 0.80655381358847 0.29431215600133 0.80702888277615 0.2978532215393 0.80969800803653 0.30174212594624 0.8051693037504 0.30058348619777 0.80591967049156 0.30215558147812 0.81116934493575 0.30716526082089 0.80726803110956 0.30427082359667 0.80504555747649 0.30281527588479 0.80316141812157 0.30099223802622 0.80408463459763 0.2881454832063 0.79857125130522 0.28228655020846 0.79502810885662 0.27727451901398 0.79234983526959 0.27539633023264 0.79207998652471 0.27904581613477 0.79006281205344 0.2727339164962 0.7953840592694 0.27540268023227 0.80112810625453 0.2819793983742 0.80214666854618 0.28398610202356 
0 0.89818385555564 0.59560646242208 0.90405320366661 0.59261503058654 0.90661613699092 0.58800540122087 0.90445136438761 0.58359803110287 0.90464894908704 0.57910105543445 0.90470735858783 0.57830518881336 0.91073810018464 0.57949722485621 0.91529445480149 0.58378747275869 0.91996453853634 0.57671698334875 0.92432336732248 0.57065590869582 0.91958023235029 0.58354405610596 0.91510308889852 0.58935936225445 0.91293288462912 0.59230611486349 0.91162368897691 0.59538480635386 0.90624718102031 0.59714869514175 0.90197683250451 0.60009662367665 0.89700385765951 0.60148609186356 0.89206925869168 0.60385864568345 0.89191630766738 0.60379314661312 0.89218458203218 0.60074878633159 0.8938696410266 0.59763682196565 
0 0.51619988017582 0.39275924669096 0.51931942569728 0.38535914507592 0.52112366526339 0.37870670857612 0.51796640346071 0.37395138199657 0.51440869808592 0.37160752657523 0.51088169312259 0.37305450334423 0.51073795222173 0.37672809572646 0.5100999444206 0.38101493344395 0.51152978668052 0.38807848489133 0.51049275225927 0.39098043472516 0.51069489292668 0.39480913172814 0.51265752491727 0.40069557051108 0.51446325035552 0.39722060288635 0.51639667769018 0.39187730227474 
0 0.57247931356232 0.35571875713552 0.57582873983794 0.35071872025848 0.57232102094193 0.348130872364 0.56916839226431 0.35312291281889 0.57065437089823 0.35737811813078 
0 0.57523913448491 0.33837267435726 0.57779363350595 0.34189927609626 0.58153586775449 0.34364199826272 0.58493061326256 0.34670459189012 0.58682097141878 0.34214446900309 0.58232305781194 0.33807869288519 0.57824028513327 0.33712326558691 0.57467793533725 0.33554940641777 0.57622312205673 0.34043054466178 
0 0.56230354410369 0.33631480405274 0.56267864015659 0.33955555063282 0.56497181456553 0.34204979460996 0.5698763909841 0.34483334107134 0.5722526028315 0.34167880236309 0.56971879553858 0.34015844782052 0.56761707685728 0.33800578548011 0.56326446698255 0.32754076335785 0.56240422570949 0.32197581182466 0.55944769736639 0.32364033487749 
0 0.56618644882418 0.30926850862193 0.56167009228046 0.31044443451022 0.55615056278169 0.3107234948764 0.55477219299109 0.31462568724554 0.55884494595463 0.31670072601561 0.56343128362309 0.31807303149258 0.56894161402527 0.31896989720037 0.57136158242798 0.31950107585525 0.57094877997228 0.32230648217609 0.57075198246289 0.32471865888982 0.57233100695925 0.32743104947524 0.58012985609944 0.33097952334612 0.57547126545711 0.31784396113533 0.58011600155478 0.31691202689585 0.58607605348623 0.3186759157283 0.59077612904354 0.31923225920398 0.59626340653941 0.32041970913598 0.60260011700283 0.32043523135732 0.60736096363104 0.32396758222563 0.61365462670041 0.32396758222563 0.61970536292418 0.32421042373373 0.61887432640151 0.31896989720037 0.61405207895037 0.31602773062785 0.60908909414551 0.31420070764025 0.60317901655646 0.31338424923096 0.599041624438 0.31338424923096 0.59555311306752 0.31197985406371 0.58826231637756 0.31187014018111 0.5873829463866 0.3089946486791 0.58732138812566 0.30921911973462 0.58310023898721 0.30693278027865 0.58099387588468 0.3089946486791 0.57841787520574 0.30893032553463 0.57664134472896 0.30577120071553 0.57303129121667 0.30692466639022 0.56559605628109 0.30926850862193 
0 0.83324067581564 0.55033331572267 0.83306920793791 0.54737281188091 0.83496798902753 0.54363724820593 0.83714277693044 0.54123941778767 0.83735876389063 0.54244862234806 0.83911002556721 0.5424474464222 0.84171680537662 0.54533563069741 0.83839966527731 0.54827544541815 0.83270946209074 0.55375656058944 0.83324067581564 0.54945137130645 
0 0.84348333853993 0.49300810459411 0.84185668904629 0.49065507689163 0.84170680806314 0.48888425874861 0.84072431617725 0.48796680139373 0.83834660866878 0.48626147371361 0.83672995648862 0.48456073214433 0.83583289267483 0.48149108644414 0.82989511807145 0.47250866801964 0.83576519432989 0.46277740185779 0.83776164775186 0.46420369164335 0.83913458589638 0.46677026742231 0.84285374394788 0.47217564581649 0.84422290358022 0.47513145305464 0.84484250085879 0.47889581800867 0.84702648089902 0.48212045080258 0.84895525392907 0.48545761079667 0.84938805101173 0.49005912627392 0.84897446136599 0.4933009101403 0.84981470801209 0.49646921572168 0.84863006572455 0.50035646547008 0.84841406077824 0.5047650116253 0.84667744083636 0.50777950581477 0.84391156992036 0.51306317588259 0.84092497091783 0.51735682603718 0.83737421080733 0.52123609578496 0.83756943394158 0.52475692765222 0.83620340507249 0.5271099553547 0.83304387830127 0.53151850150993 0.82907256539817 0.53559861903661 0.82421717724645 0.53626583936877 0.82198014059769 0.54157937795339 0.82005524235327 0.54327776039289 0.81806268937573 0.54446168982538 0.82025125267758 0.54797347480948 0.81749608747649 0.54650580174537 0.81474170946545 0.54622452028 0.81233092255518 0.54451919259987 0.80942817657764 0.54356481117304 0.80493180851606 0.54097071872899 0.80942817657764 0.53945717718182 0.81134693500822 0.5373993068773 0.81341795327806 0.53630946621812 0.81478553853033 0.53386459876553 0.81730007715218 0.53329039416878 0.82162883527812 0.53269325147233 0.82552170857671 0.52880035646293 0.82890032821795 0.52591675107249 0.8296890926356 0.51945151070196 0.83185843094113 0.5191792838657 0.83359119365182 0.51646689328028 0.83517864108159 0.51499581003118 0.83574518175162 0.51203647501545 0.83890937082663 0.50888993260304 0.84201278883074 0.50562403371598 0.84302905116924 0.50216516539552 0.84443505129535 0.50053909511826 
0 0.65533572283091 0.44303007841563 0.65828847273642 0.444499985776 0.65943846519443 0.44915430044188 0.65692008682624 0.45392233667653 0.65320401215532 0.45209411516262 0.65281041712659 0.45150615221847 0.65222081177356 0.44945522952491 0.65261510194879 0.44308171137136 0.65497597697465 0.44297846508097 0.65572931785964 0.4433240598877 
0 0.70591268402236 0.40863424618296 0.70792449093041 0.40274086923691 0.71040445442477 0.4109344854344 0.70610948153673 0.40804628323882 
0 0.70729026662291 0.4615509111563 0.71201340696764 0.46065404184661 0.71688948339226 0.46102845663998 0.71909890467479 0.4615509111563 0.72164647278929 0.46221814083112 0.72717144478697 0.46360878146082 0.73190529079689 0.46429094534206 0.73582511901558 0.46535774528097 0.73307074100455 0.47215377359552 0.73111274786707 0.47035543017998 0.72874119568855 0.47007637384645 0.72067171040958 0.46955497744803 0.71558495206201 0.47473645955874 0.7146709606016 0.47827105750449 0.71303193733216 0.48394513495736 0.70930821357845 0.48867529672353 0.70945116728927 0.47928975318125 0.70970023421716 0.47971227223678 0.71020765691538 0.47483170955328 0.70804288431206 0.46796688957601 0.70732411579538 0.46561608695214 0.70945503928091 0.46213887410045 
0 0.71082339696276 0.43597452308585 0.70999700486132 0.43104916761592 0.70824040502226 0.42744330856314 0.70471724256035 0.43127081953267 0.70355190104006 0.43450921186224 0.70177456876191 0.43509140274374 0.70118954367764 0.438634124589 0.70295535381826 0.43939894676742 0.70434293369748 0.44243412900103 0.70574051089018 0.44710220188188 0.70988939598319 0.44577693343924 0.70982634206118 0.44057487262601 
0 0.69823758096218 0.42098146801007 0.69945676641529 0.40738024952681 0.7022227160503 0.41069671322579 0.7047372371873 0.41479987132417 0.70754089322511 0.41885810905475 0.70572051626323 0.4230462865927 0.70138555400194 0.42245255129633 0.69804078344782 0.4195115606497 
0 0.68052580466945 0.45831711496348 0.68031899581695 0.44775096017806 0.68603692226169 0.44890970785711 0.68918023663185 0.45068054426956 0.69061166299616 0.4553038143752 0.690964481571 0.46030032334835 0.68724689789958 0.46071377888023 0.6870193354534 0.46860764241196 0.68370910843274 0.47414050033361 0.68350774522113 0.47688275943584 0.68403815386844 0.48061491292583 0.68036355077307 0.48003612221823 0.68127842303474 0.48560577745486 0.67712638918158 0.49008899479073 0.67579800599318 0.48382801274184 0.6771456753375 0.47859384915267 0.67639305686782 0.47450103920185 0.67717102285671 0.46860764241196 0.67895755064697 0.46398426387814 0.68088482801595 0.46033936408685 0.68091939969818 0.45772915201933 
0 0.62680008324818 0.4536134114103 0.63146865853158 0.4578118290464 0.63310223529754 0.4624236926712 0.63448052633432 0.4670780072195 0.63728489084315 0.47453090771866 0.63936511923643 0.48267278317836 0.63392398297776 0.47856045285829 0.63127186102218 0.46984790057941 0.63035628028949 0.46417488145981 0.62781861576538 0.46068508628928 0.62442850314959 0.45480428107047 0.62620969070509 0.45243866144789 0.62798086833436 0.45567128171482 
0 0.59075770879666 0.50975811866444 0.59060397058232 0.5174970043324 0.58939854647779 0.5209214180252 0.58866897875097 0.52396106877707 0.58544874174529 0.52824108612458 0.58117382752727 0.53199617016881 0.58209319831517 0.52970404786429 0.58425181929316 0.51411163137811 0.58411886289582 0.50382569030043 
0 0.63433371539231 0.41264545755865 0.63313214851897 0.42452301428592 0.63624715112769 0.42722058820552 0.64194733871667 0.4334101915548 0.6447032910382 0.43921526714831 0.64819644682991 0.44362039321156 0.65060792479099 0.45095265351324 0.65101002146218 0.45804266329244 0.64727622167599 0.45271078026442 0.64318188885259 0.44686560559913 0.63975565721377 0.43831838849597 0.63164853145516 0.42256968384222 0.62806697422223 0.42027521730693 0.62657406831598 0.41612161198922 0.62442850314959 0.41384548989734 0.61932177770236 0.40892247629035 0.61586316706981 0.40546701815488 0.61106162271666 0.40010079809179 0.60884387222381 0.39872496483724 0.60767072291083 0.39510193726693 0.60142783359889 0.39062095419019 0.59826444366545 0.38659481923555 0.59372809168442 0.38277188426927 0.58960614022351 0.38071177975761 0.58625900809922 0.37688542312485 0.58318942761846 0.37570949723656 0.58149208845946 0.373504636196 0.575829527028 0.37247452511785 0.57130318419764 0.37661097351095 0.56638787961361 0.37335189499386 0.56342662813029 0.37482520096856 0.5608244927421 0.3742384139503 0.55358525699961 0.37365162693204 0.54869609839528 0.37903279281671 0.54575405434887 0.39388356048484 0.5478542773691 0.39486193079919 0.54591709203479 0.39863312502769 0.54453872224418 0.40327709142843 0.54394367470047 0.41040508361286 0.54439575793904 0.41732282025377 0.54434192472982 0.42531770498115 0.54497686162478 0.43340913322153 0.54611773614622 0.44125926147571 0.54704323547339 0.44885115641136 0.54827787501709 0.45572985231376 0.54983689419772 0.46222037509025 0.55167183417529 0.46524062306545 0.55257820478455 0.46631318504107 0.5527511504358 0.46832742844425 0.55592297525418 0.46826886733649 0.55678856941949 0.46508669437056 0.55697615680544 0.46171402141554 0.55713760948215 0.45443680423966 0.55456074289416 0.44774178795636 0.55359219509497 0.43891433780659 0.55178638110317 0.42773505576866 0.55280885146556 0.4206369217248 0.55300101536182 0.4159849589107 0.5537443481062 0.41180255390321 0.55206621638411 0.40561400888721 0.5510768759449 0.39960126478707 0.55530873086786 0.39591156222057 0.55668710062364 0.3927363272172 0.55891028272775 0.39100912731611 0.56147250758103 0.38724710530931 0.56385942521294 0.38456223138897 0.5675548101253 0.38394097845463 0.571499981712 0.38252846761654 0.57465951509037 0.38540853396322 0.57626695714709 0.38533857764081 0.57779284631591 0.38652708590609 0.58113305108332 0.38601261834296 0.58468620236442 0.385410885815 0.5878880075147 0.38745265714939 0.59116972406232 0.38894549502687 0.60014014813543 0.39429348823915 0.60770071485126 0.40482508022868 0.61159211008297 0.40981817901684 0.61297661992105 0.4185641275901 0.6154396588296 0.42120196447609 0.61692099304229 0.42458157539368 0.61947093773099 0.43097683806059 0.62408946040041 0.44177267070557 0.62602287785168 0.44804153145772 0.62291253257524 0.45089409240548 0.6216733380181 0.44833668884822 0.62074319426971 0.44527516587538 0.61780193741334 0.43913483381959 0.6141511861761 0.4336904146869 0.61341169985481 0.42955174362759 0.61180962298408 0.42630759936892 0.60928973666109 0.42005708306017 0.6056943248835 0.41186921830167 0.5988556233986 0.40150638227057 0.59511568343564 0.3980509131883 0.58921560351306 0.39592755481224 0.5772562975863 0.39133990414379 0.57308899224642 0.38893056076846 0.56676762008774 0.38980568479243 0.56322912214986 0.39510992254167 0.56150635675264 0.40246640814152 0.55969291804024 0.41123528726902 0.55753813177326 0.41833563476141 0.55605295121457 0.42678878823025 0.55595219088722 0.43450461572548 0.55772878920036 0.44065636428802 0.55890028541427 0.44398552798627 0.56048237995177 0.44625588804145 0.56008185766066 0.45389246815972 0.56109969437923 0.4615003463431 0.56352660126506 0.46618112856715 0.56776161612915 0.46919325350433 0.5722863845794 0.46984672465355 0.57641455527913 0.47267164228192 0.58070560689292 0.47575739838917 0.58310946067934 0.47647965205151 0.58488221268873 0.47854328434075 0.58981134893349 0.48042429534415 0.59393953092851 0.48242359567356 0.59905163372291 0.48207904938829 0.60419220885381 0.48509130989172 0.61007613950862 0.48588705892023 0.62072855253501 0.48808968564596 0.62758261619212 0.48858345691398 0.63329903280693 0.49064814753649 0.64372466948345 0.48947915100333 0.64859539474095 0.49117872528389 0.65395892742042 0.49154396785556 0.65947381002712 0.49067001975746 0.66614878795068 0.490346169776 0.67167375994835 0.49242591224951 0.6771463977528 0.49271177127026 0.68328096987055 0.49300692866822 0.68924250336382 0.49139238242359 0.69962435917429 0.48727428996278 0.70375254116931 0.48417255901841 0.70726025997671 0.48629016630456 0.7080374527008 0.49300575274233 0.70591189683231 0.49859140071174 0.7072410525398 0.50454570970365 0.70729026662291 0.51182868891624 0.70647001458304 0.5156883127693 0.70610869434667 0.52064236296907 0.70551372144036 0.52833409420442 0.70335894615052 0.53394268024254 0.70040156643012 0.5329884088703 0.70064369155394 0.52564004799433 0.70099274616327 0.5209937374655 0.7025371197513 0.51712035527989 0.7023611040589 0.50860406502681 0.70019633145559 0.50266352277439 0.6994275616649 0.51100530563006 0.69784398593345 0.51534952054585 0.69810224851765 0.51768762191408 0.6972589318304 0.52123374393324 0.69721437687427 0.52057005137865 0.69552546064867 0.52510147393749 0.69469522570364 0.53157707019281 0.69410404597049 0.53827889944174 0.6922998063588 0.54294933157865 0.68993751344799 0.53705476059203 0.6902080706639 0.52953413419869 0.69233749843453 0.52357982583804 0.69306627897131 0.5148121224149 0.69508882073236 0.50830890763631 0.68762049829141 0.50213529687871 0.68347776738491 0.50447220607911 0.67934036116224 0.5068240578557 0.67495161926479 0.50484662913086 0.66964808382468 0.50439871897133 0.6657259881815 0.50276688665736 0.66085139259286 0.50389118937076 0.65612291288836 0.50572045963638 0.65100696470497 0.50394857455266 0.64632222606946 0.50206062558669 0.64435810820672 0.50036447012826 0.64175669433982 0.49976850252593 0.63684752805828 0.49792313045324 0.63155776844383 0.49893818965438 0.62782711741778 0.49911504890351 0.62542250064764 0.49829859516556 0.62331077201524 0.49733740178308 0.6179541799666 0.4956458324355 0.61335864324628 0.49474213341317 0.60849791441236 0.49271294719615 0.603971571582 0.49042660310473 0.59885483620855 0.49006711394748 0.59413554124786 0.48888543467446 0.588774304778 0.48806781342499 0.58394276848441 0.48653816035671 0.58133985743018 0.495651585991 0.58100009468598 0.49917361001127 0.58119146058411 0.50248783945112 0.58232769068434 0.51011524734769 0.58154199630784 0.51401743971683 0.58134984321967 0.51828933526659 0.57936722639105 0.52798273521345 0.5772017453167 0.53533227182963 0.57444193576399 0.53220183960148 0.57543593199927 0.51652544643415 0.57346874404569 0.51071014823955 0.57371779964843 0.50269456721706 0.57345794821703 0.49566888058233 0.57465337500808 0.49212616017789 0.5763845633387 0.48970764203479 0.57623696520666 0.48211468876588 0.57188892103415 0.48182070730123 0.57190277557881 0.48595137333845 0.57130318419764 0.48977313247541 0.57011703497859 0.49941479240486 0.5695412054661 0.50802186413423 0.56855265221693 0.51622230070169 0.56701896986673 0.52423905765004 0.56795762645345 0.53209953405178 0.56756787747993 0.53969025306157 0.56396168119882 0.53548032089523 0.56161168277967 0.52960527008967 0.56146330847945 0.52152313145941 0.56106971345073 0.51388655916877 0.56228890236899 0.50744189750077 0.56446445947582 0.49125222065005 0.56564988895339 0.47822743065513 0.5616647393882 0.47477209011225 0.55635655952687 0.47596977059923 0.55596682173927 0.47859384915267 0.55433474063438 0.47984327037742 0.55284876200046 0.48094793512898 0.55202166142799 0.48404508865534 0.55028968590733 0.48480991083376 0.54930491117033 0.48689423941811 0.5448892473736 0.48977890314182 0.54552734361805 0.48285658039006 0.54803722033383 0.47779222049487 0.54610844730378 0.47119257179871 0.5441412593999 0.46332739169353 0.54369846500377 0.45426794128637 0.54257074710055 0.44683573708232 0.54079034884798 0.43742950613946 0.54138996201436 0.43245592772055 0.54138609426841 0.42767190855005 0.54143379798468 0.41893054608764 0.54041596126611 0.40950820496051 0.53959956647815 0.40126978598782 0.54044981043772 0.39564627334687 0.54064275071593 0.38982638108754 0.54138996201436 0.38540970988911 0.54154368971393 0.38158795075215 0.54378607925495 0.37517893100036 0.54889746160689 0.37164539138788 0.55694159916279 0.36747684009259 0.56663387650035 0.36747684009259 0.5844747515118 0.37091737568883 0.59104290774727 0.37592999484624 0.59468287448098 0.37841966507404 0.598245224277 0.38192439450298 0.60338117903891 0.38657870905128 0.61066802769787 0.39207710318088 0.61502677765489 0.39594143073738 0.62222917290362 0.401285885307 0.62463531059018 0.40538552649288 0.62680008324818 0.40598148571802 0.62920312560345 0.408200222628 0.63226348431251 0.40892822765504 
0 0.52426857826473 0.55062729719474 0.51918569206374 0.54645994063688 0.51498603310722 0.5386246216529 0.50950876468745 0.53916896512846 0.50855932507376 0.54645994063688 0.51524587469087 0.55264037176446 0.5169532210608 0.55332476061416 0.5180186728792 0.55732337890371 0.51918639058093 0.55998308801067 0.52412561447166 0.56060773982675 0.52800851822769 0.5647384078543 0.53251942184225 0.56171134624504 0.53494869029818 0.56712013482421 0.534698846526 0.57063297814157 0.53588883136005 0.57391839739789 0.53568283409782 0.58386214405071 0.53613097101561 0.59171697600833 0.53961412949384 0.58942591965804 0.54202419051286 0.58355322206704 0.54202875621508 0.57503470381545 0.54276754461491 0.56767822257504 0.54435191145395 0.56121757497702 0.54906969878711 0.55709724143215 0.55300180255188 0.5603275098473 0.55771879188688 0.56151261477494 0.56205833440699 0.56326967641982 0.56240808294068 0.56323405263933 0.5611035626232 0.54322719557969 0.55965828167771 0.53979361694454 0.55556858229926 0.54248425290158 0.55044264767509 0.54415970480911 0.54572029452042 0.5441746463233 0.54199034134125 0.54793089913288 0.53681976229848 0.55003240339528 0.53239032267609 0.55085578668147 0.52289099566418 0.54915738983437 
0 0.49376496353836 0.62353470226911 0.49139873969277 0.62467617875065 0.48939085406395 0.62441782261122 0.48726756637561 0.62455329449843 0.48530267042073 0.62647451698985 0.48408803616208 0.62616560644314 0.47959554250418 0.6282384058223 0.47786355802981 0.62242428073145 0.47619613209223 0.61786180599271 0.47256466701092 0.62272625849194 0.47030299131398 0.62964281920699 0.47266377423665 0.63535946517594 0.47293441017157 0.64464974982914 0.47393532230434 0.65000679767053 0.47234401764339 0.65552588809524 0.47424816044389 0.65680517342668 0.47469559044262 0.65872981568955 0.47667812855224 0.66552243381911 0.47956169333171 0.66650656200512 0.48667410380629 0.66851269157056 0.4849582656814 0.66263423805496 0.48471612602585 0.65912139900047 0.48317787797343 0.65558668346213 0.4860914348583 0.65587843066765 0.49002581076545 0.65880554531485 0.49337600362914 0.66358968207794 0.4977147589592 0.6650136107001 0.49786314428129 0.66495740144406 0.49673077141224 0.65457726870512 0.49653476109289 0.6550297649755 0.49202833428482 0.64504697758417 0.49376496353836 0.64315103232237 0.49631867742758 0.64205553500978 0.50108032074229 0.64259293314073 0.5035648404424 0.64261481013085 0.50813581683355 0.64087161763808 0.51341014752326 0.64181318147305 0.51742521030988 0.6421220971961 0.52266113616741 0.64210609982298 0.5256123116928 0.64240008129505 0.52591906953425 0.64292137400219 0.52562001603898 0.64322570361439 0.5281998739491 0.65439476501186 0.52798386900279 0.65794312129016 0.53018170358768 0.65879872494487 0.53248021977838 0.66270773768399 0.53474724836757 0.65438900297516 0.53297150508082 0.64881593294159 0.53158542086267 0.64230012759455 0.53158085516046 0.64151120371257 0.53250485882655 0.64151237963842 0.53382859759373 0.64558331267467 0.53430059674025 0.64772044502368 0.5356928210407 0.64911109033956 0.53660840177339 0.65301893175731 0.53867398843197 0.65610573713611 0.54099636698564 0.64676041448885 0.53886544350011 0.6381913298286 0.53236725800799 0.63091293672685 0.53493483575352 0.63183850797015 0.53592882061396 0.63376432174876 0.53760624386502 0.63418459765062 0.54296355493922 0.63912148718274 0.54498229323604 0.63654914936707 0.54650669738782 0.63124478300415 0.54745532945806 0.62683506103443 0.54470245777613 0.62328211864529 0.54391376147904 0.62211642334167 0.54103091412346 0.62230715851593 0.53513163326292 0.61859558372847 0.53607948878715 0.61561096630678 0.5350832210756 0.61148028598819 0.53450126182158 0.60383218735163 0.53040384861628 0.59875301079062 0.52722667090565 0.59407106198464 0.52402721571696 0.59031597185063 0.52073699751693 0.58621281984203 0.51364614709653 0.57766666107214 0.51127528814138 0.57710633240053 0.50965714030015 0.57480610382854 0.50498242185709 0.57414581496067 0.50011702679685 0.57478540753343 0.49529477934571 0.57561454639515 0.49120659585164 0.5788644591517 0.49026644554274 0.58356016629022 0.49868490139745 0.58561226829745 0.50286219461486 0.58643448186638 0.50518385419266 0.59031479592474 0.51159205341249 0.58998060388554 0.51776960595132 0.59087524827876 0.52108596886244 0.59271721251453 0.52667705482142 0.60146316711691 0.53056609872436 0.61148381376585 0.53186062249981 0.61795599765398 0.53071903950733 0.62082337526757 0.5307582415712 0.62479106670703 0.53055687835959 0.63030204324332 0.52958211115255 0.62324072079704 0.52875185160344 0.6158900080693 0.52601668109891 0.60918700093389 0.52171555345264 0.60413074918634 0.51832079641562 0.59802381916571 0.51463013464349 0.5947175860217 0.50954331262072 0.59320299351583 0.50522919633883 0.59229800097506 0.50415602016061 0.59008055758352 0.50148390357809 0.5894352033603 0.49712050919984 0.59091534735053 0.49218136402812 0.5899485011096 0.48880195719684 0.60024361440897 0.49298697431257 0.59794456176284 0.49652012873945 0.60089119677929 0.50185829115995 0.60092224122196 0.50187671140683 0.6004927930984 0.50429976106147 0.60539393448442 0.50830026083239 0.6068052806999 0.5084010211572 0.60804552970296 0.51225927568834 0.60500693728436 0.51636282851771 0.60681915662503 0.51643508268063 0.60748520103134 0.52049485786138 0.60800307313649 0.52325537588512 0.61214292576463 0.52363511635925 0.61505980439216 0.52476670203825 0.61847046521711 0.52307314139143 0.62914222756899 0.51999286677442 0.62859789148905 0.51816785531945 0.63000923770453 0.5161453180278 0.62910659701547 0.51403510751782 0.62936153774162 0.51266672525178 0.62742302396373 0.50875612258315 0.62672370085563 0.50457881992979 0.6273484702643 0.50045607902673 0.62683400270116 0.49592508240879 0.62729790545238 0.49337136850964 0.62265275785289 
0 0.37706403752073 0.51828933526659 0.37490390297509 0.52680680935486 0.37682724439388 0.53331109046389 0.37709858879983 0.53471444038353 0.37745376894478 0.52682280194653 0.38037574609244 0.52029664075792 0.3801782336648 0.51745902192717 0.37627684746327 0.51975924262696 
0 0.387494305782 0.49535878044482 0.38690391323891 0.4883687328522 0.38907332365132 0.48453309788665 0.38982587732723 0.49766583787538 0.38710071075327 0.49359489161237 
0 0.44990910157269 0.46946090337935 0.45115908886869 0.47513603916549 0.45555239657935 0.47835841987772 0.4555562454642 0.4826716072525 0.45056948351566 0.4788131593253 0.44797418846035 0.47698493844019 0.44579020842012 0.47323785964455 0.44436957462315 0.47213306822508 0.44313186766325 0.46796688957601 0.44974686990562 0.469239241355 
0 0.4271935522536 0.45693682261502 0.42137802841305 0.45395902556331 0.4261250204966 0.46295532875187 0.42739963860543 0.46396250924975 0.42838512181346 0.4668069563091 0.43213198895428 0.46601344153972 0.43823885182773 0.46571028785337 0.44119002727858 0.47025900425957 0.43807354191984 0.46178057881914 0.43678514798535 0.46114322700378 0.43602023542585 0.4590176234218 
0 0.43807126697345 0.48359952156185 0.43429290432641 0.47776470382978 0.4327231686725 0.47246386524443 0.43452812452485 0.46947466171189 0.43707648701826 0.47337450222932 0.4427851891707 0.48072403884551 0.44575100635625 0.48448146597808 0.44299584122476 0.48896351615147 0.43748087443036 0.48271757714563 
0 0.46286775378327 0.50153239135837 0.4640193255581 0.49452740084179 0.46247415875455 0.49058958642873 0.46162933788504 0.48513376081522 0.45951754317125 0.48066888792274 0.45700302203425 0.48004188425494 0.46252870250296 0.4773604205196 0.46581971649873 0.48853289210206 0.46719651190922 0.49330208606619 0.46779232740816 0.49947452105385 0.46329054502132 0.50707206881824 0.46267095626891 0.49976850252593 
0 0.45696382835236 0.51799535379452 0.45776565174264 0.51506248502736 0.45734741767568 0.51212949075087 0.45988579067083 0.50736040583877 0.46145560504374 0.50539896150664 0.46281390145357 0.50954339460266 0.46165004098302 0.51622230070169 0.45771716923735 0.51922184449601 0.456767030838 0.51681942790622 
0 0.46838342840737 0.46301388985963 0.46504479802004 0.45745811054813 0.46329133221135 0.45414976073758 0.46250335498375 0.44827930366632 0.46184920006253 0.44631443942164 0.45655023032464 0.4466371232048 0.45640184500256 0.44590557972817 0.45042644286538 0.44516839180742 0.44460942336376 0.44264885306281 0.43965563645735 0.44360311689706 0.43654072547869 0.44420482837804 0.43393851917182 0.44303007841563 0.42936296927813 0.4467186148668 0.42310079381027 0.44941724711968 0.42253960603249 0.45362835521188 0.42035949068073 0.45566211898431 0.42050708135549 0.46384185925666 0.41623673283969 0.46447580088703 0.41173959487406 0.46273378432011 0.41344157845429 0.45944824747121 0.4130126458745 0.45325746819608 0.41500517402591 0.44855023698414 0.41611833945803 0.4447802186815 0.41858831305145 0.44251562066303 0.42268721168062 0.44033145597329 0.42799152679468 0.43650511082202 0.43105110604108 0.43403837114846 0.43370715621946 0.4318599584027 0.43827884108164 0.43339302303726 0.44865912251204 0.43508341645899 0.45301708527902 0.43751911168988 0.45755422089545 0.44039918930274 0.46251720952841 0.44030499764147 0.46698356836357 0.44458501498898 0.46980328307814 0.45300017561822 0.47283215418569 0.46099047423475 0.47624533146958 0.467428188746 0.47856155943612 0.46837905158944 0.47980075399326 0.47124537086976 0.47998913753291 0.48072627310464 0.48060872584782 0.49022210959792 0.48215391019091 0.49829166561732 0.47994071638194 0.51673794419068 0.47664515416884 0.52107640505336 0.47624919756994 0.52586853811229 0.47230938128174 0.5311522081801 0.46785994703239 0.53564800792267 0.46622865311754 0.54387266856282 0.46069911541764 0.54918726548071 0.45657486937281 0.55534594197991 0.45228452623006 0.5584086408786 0.44979149538108 0.55577539010346 0.45401799741179 0.54974417685263 0.4550297023812 0.545196643487 0.45775023121976 0.54093967428632 0.45951683470022 0.53702948562134 0.46105736560374 0.5361050903039 0.4618737603917 0.53297348214989 0.46449518193581 0.53011410083214 0.46762474330047 0.52509454371216 0.47135003278295 0.52268989292393 0.47136924021987 0.515278385015 0.47605318724564 0.50445728007908 0.47286057174604 0.49307243628656 0.47170977863012 0.48800231435466 0.47449800574319 0.48359952156185 0.47212108542475 0.47801387359245 0.4713446798907 0.47418518551623 0.46960270705656 0.47146585696824 
0 0.44767127773389 0.57355785201652 0.44842391012881 0.56782403738519 0.44668579452586 0.56382201556862 0.44205640863392 0.56319501190082 0.44297655506884 0.55732337890371 0.44613609972263 0.55238543103832 0.450272712864 0.55051135799748 0.451109881256 0.54158972610095 0.45346908979859 0.54027939191672 0.4549904919842 0.53655182453758 0.45889180581039 0.53112916003328 0.45791396675171 0.52538158721425 0.45369210073623 0.5270100016542 0.45109830956245 0.53044135339625 0.44869218449361 0.53917119938759 0.44529971030771 0.54114064001555 0.4431349377044 0.54527013885316 0.44181041974636 0.54974417685263 0.44221321688941 0.55527938457631 0.43910909041426 0.5568594761525 0.43629543706298 0.56008751022691 0.43486487660771 0.55776893721153 0.43432675349803 0.55439167814566 0.43053533140108 0.54807107665574 0.428624986284 0.54474191295749 0.42645556159338 0.54468793796058 0.42414319085802 0.54034594932032 0.42217372010303 0.53707428839655 0.42016654294523 0.53711109487592 0.41834766164443 0.53600172642093 0.41658577290234 0.53623714677782 0.41233384463342 0.5327529960514 0.409142032362 0.52834562593341 0.40639685737008 0.5283065851949 0.404812487046 0.52550799924405 0.40367089698898 0.52293448550252 0.40379314760182 0.51856956630802 0.39895240118479 0.51327672401851 0.39476116526777 0.51006480012836 0.39241888131098 0.50386355511308 0.38966442465053 0.50351677457738 0.38749509297206 0.50220079594904 0.3832039560122 0.5001130488112 0.38068329479291 0.50845013633193 0.38455154663752 0.51268993701507 0.387494305782 0.51858214081278 0.39281704203199 0.51945727273867 0.3922474313208 0.52794592873407 0.39415542253386 0.52862232128793 0.39594580755531 0.53240844977484 0.398328159485 0.53564918384852 0.40009469264831 0.53825821055098 0.4032227497006 0.54178492979347 0.40541208263308 0.5429630899112 0.40623847473452 0.54526214255733 0.4087922766544 0.54828239053253 0.41263982540102 0.55011401264987 0.41350612803737 0.55647130302658 0.41501595852942 0.55684571781995 0.41934093803383 0.55861642697782 0.42012884399389 0.56036432317402 0.42368118902497 0.56420325073198 0.42629796614786 0.57203737984295 0.42783700903649 0.58031824994833 0.42629875333789 0.5841400090853 0.4279961712159 0.58655160408189 0.42842818876964 0.59707636978245 0.42924992878874 0.60613817796032 0.43390395372885 0.60760808528356 0.43526846893997 0.60473024192983 0.43748087443036 0.60383794364015 0.43806661464751 0.59884720245189 0.43673823145911 0.59637129055663 0.43613784161746 0.59232210141606 0.43644925399632 0.5888241983962 0.43810581671138 0.5905422260756 0.43963028893814 0.58643565779223 0.43768380413224 0.58353829406926 0.4357488910199 0.58203392581936 0.43689048188727 0.57560996674547 0.44038976988638 0.57890585174193 0.44318878953697 0.58325806466908 0.45107374923327 0.57856248139122 
0 0.41819471802273 0.50270831724667 0.41623208841846 0.5012384098863 0.41459780318147 0.49867301837327 0.41094705916374 0.49560219710369 0.40742469140213 0.49180114284084 0.4055988899134 0.49072164290265 0.40402450979849 0.48889236398507 0.39595581170958 0.48500511452629 0.39325062630468 0.48712612330085 0.39516862165212 0.49241778979819 0.39126344377384 0.4939635529022 0.39339823121291 0.49859257663763 0.39578978648986 0.50501537449157 0.3991306997283 0.49952615258367 0.40403450006734 0.50302523756849 0.40584102248455 0.504845453205 0.40737006754267 0.50506134494915 0.40813883020421 0.50624304108794 0.41272743965221 0.51088242137783 0.4170877639893 0.51589386460939 0.41877589302487 0.52151620132448 0.41918334258831 0.52798379354672 0.42528406537947 0.52769674237296 0.42739499418421 0.52460300670327 0.42848202490709 0.53122452003785 0.42630261056908 0.53599373012509 0.42688835867603 0.54293216306112 0.42859113711153 0.54322614452576 0.43020935600653 0.53830077906706 0.43102575079449 0.53216620904797 0.4345335483209 0.53268749698108 0.43803741780098 0.53324559139357 0.43826885167788 0.52947439716507 0.43846486200218 0.52532996406905 0.44157905659514 0.51892892925041 0.4408272193646 0.51541608593304 0.44225241895328 0.51278295275049 0.44397904158168 0.50571928371052 0.43989242322065 0.49454457786893 0.43984244460273 0.50243621630593 0.43884459456164 0.50926317147055 0.437284076916 0.51587093405514 0.43374250884751 0.51213066667673 0.43390851943107 0.50707442066996 0.43396850331193 0.50598692443594 0.43527224745215 0.50007507477446 0.43393315847924 0.4935385732969 0.43236413905691 0.4874373995722 0.42900778913318 0.48302767760248 0.4278808478754 0.47713310510211 0.42409943064369 0.47476750400141 0.42390719128476 0.48236621930703 0.42513103563616 0.48563552837908 0.42691142334413 0.48828829952347 0.42767484788465 0.49912997476858 0.42822217347569 0.50302300330936 0.43041079793714 0.50438496063878 0.4280253759663 0.51125448431949 0.42625262400169 0.50889804649146 0.42385728343637 0.50777832988891 0.41921255476702 0.50412660972765 0.41819471802273 0.50212035430252 
0 0.35754187566349 0.61298006738336 0.35837291218615 0.61794106339558 0.35970200384558 0.62155727059591 0.35974664344679 0.62559492442541 0.35777788111309 0.62883437017921 0.35620271380812 0.62376318991404 0.35521643757351 0.61933853368592 
0 0.34793800539491 0.62676849846193 0.34813015285532 0.63529396115208 0.35114021012097 0.62970831318267 0.3496991800382 0.62202117334713 0.34773120494428 0.62093943383364 0.34869598505432 0.62387231583372 0.34813480290927 0.62794442435022 
0 0.34491109663469 0.61371278678584 0.34774120788055 0.61883099871593 0.34557524886938 0.6228870075568 
0 0.34479884333533 0.60832692876092 0.34183806963969 0.60971874900752 0.33911171018991 0.61086481194893 0.33921664262192 0.60734503066899 0.34129450944509 0.60538017615188 0.33930890129432 0.60261722075453 0.34167275972763 0.59814670341793 0.34339780250647 0.6025162029417 
0 0.33849636373755 0.59554555541873 0.33947571227727 0.59119556441508 0.34007570310992 0.58768272716527 0.34022290764694 0.58420092829057 0.33833491106084 0.58446621716427 0.3372770904468 0.58860147190549 
0 0.33691734459055 0.57473377790482 0.33675014007721 0.57360266130486 0.34062728716924 0.57066402258424 0.34239807115875 0.57330867984021 0.34121342887122 0.57791700928443 0.3357023114182 0.58232567932388 0.33435015509067 0.58097971458614 0.33569853290602 0.57892302025946 0.33767532452836 0.57537230566216 0.33691734459055 0.57443979643274 
0 0.33632695204745 0.56503238932637 0.33652838864362 0.55650575071033 0.34089713591412 0.56026319355018 0.33971674445279 0.56768516719926 0.33749773445589 0.56916307081834 0.33672054707618 0.56415044491015 
0 0.27905887536764 0.61853701724385 0.27849807729714 0.62378388620915 0.28202083143426 0.62126211320541 0.28138698601601 0.61565000704529 0.27905887536764 0.61883099871593 
0 0.28968594114327 0.59766433272659 0.28982818222687 0.60273669482177 0.28905169797381 0.60788819082308 0.28777180569173 0.61339810902609 0.28532718703006 0.61790543284206 0.28460265731948 0.61790543284206 0.2840226556998 0.61272289239808 0.28674782889086 0.60826142969059 0.28633959620903 0.6026574374189 0.28302442001316 0.60438110954242 0.28317241174022 0.59769879325839 0.28343147598159 0.59495418230445 0.28319162316927 0.59177777137522 0.28653718091345 0.59002775851247 0.29024208674862 0.5865390216752 0.29161006559591 0.59178470328511 0.28988273865764 0.59795831419867 
0 0.29952581686145 0.60266201775185 0.29976566926113 0.59560528649619 0.2991656730145 0.59144710102379 0.30031300691891 0.58414118501119 0.29716424668909 0.58060647571862 0.29449747865371 0.5826724535767 0.29358843159832 0.58613356243916 0.29267710169183 0.5896682779775 0.29385292745095 0.59379095644513 0.29562410503548 0.59674676368328 0.29693398925799 0.59741398401544 0.29798488795814 0.60261145293866 0.2992955593707 0.60291919851502 0.29972261437582 0.60001618450319 
0 0.29239725563348 0.57855436111589 0.28538599012587 0.58615425873427 0.28576462853394 0.58212000989121 0.28490934655812 0.57863480083152 0.28657559171064 0.57390922517619 0.29005418448665 0.56883581065189 0.29006607105622 0.57298600578461 
0 0.29165391628691 0.55092127866682 0.29319987459578 0.54558716846464 0.29345933243216 0.54421133521009 0.29643050250996 0.54525638052062 0.29772543012176 0.54861306088396 0.30042714947724 0.55238425511246 0.30323001389747 0.55596952850527 0.30329920790177 0.56086503240461 0.30361400519779 0.56555380158057 0.30070660194764 0.56679627815882 0.29365612994156 0.56704546353219 0.29224509602006 0.56414926898426 0.29207671185018 0.55949837137176 0.29559450669006 0.55880022418951 0.29604107959838 0.55376008836701 0.29303724113402 0.5530550032222 0.2908324792768 0.55763123629349 0.28853939469736 0.55763123629349 0.29185071380127 0.5488634083623 
0 0.28582799733196 0.54860506458812 0.28551973371325 0.5424474464222 0.28000861626023 0.54558481661292 0.27695250837738 0.5498176793335 0.27436493600489 0.55175265826984 0.27595466628576 0.55532301142566 0.27848233349639 0.56151837681164 0.27611769334254 0.56327650356282 0.27358199679352 0.56468561551917 0.27123081758931 0.56179976905945 0.26932274765725 0.55742674278668 0.2660655914388 0.56208564344583 0.26788525992965 0.56728888018492 0.26941193628851 0.57363017796995 0.27213671588455 0.57792277772414 0.27395213354919 0.57381503351492 0.27610691265218 0.57324894280659 0.27767664449294 0.57091201876785 0.27999830407074 0.56909651341474 0.28216842956631 0.5680307718091 0.28302906443438 0.57151374660966 0.28729476852896 0.57175833918824 0.28693077594218 0.56091664871733 0.28563545064877 0.55710183447195 0.28710261544079 0.5534109559796 
