0 0.311727262752 0.70633869961938 0.32117354344145 0.71065999512333 0.32478737051429 0.70879050509648 0.32664309230885 0.71531430673957 0.32142142463265 0.71612628356544 0.31671292614194 0.71770637518155 0.31098580374261 0.70718160643362 0.31326282964528 0.70679801941855 0.31356416599166 0.70751462550768 
0 0.33271886117582 0.70633869961938 0.33849172470545 0.71417859751666 0.34010490786031 0.70706566014396 0.33403110696844 0.70790738475437 
0 0.37417741158004 0.71653044929325 0.37290593594073 0.7239178509087 0.37768749204623 0.72359635277084 0.38418181002023 0.72005940288403 0.38861667471052 0.72004787881032 0.39198065261707 0.71470564749979 0.38971055398673 0.71412003640742 0.38651031821018 0.70871125079047 0.38127597017219 0.71067151919674 0.37655282994678 0.71419929381229 0.3749646016375 0.71809795850235 
0 0.37627684746327 0.70359526452199 0.37175821286596 0.70466324361486 0.36808439696063 0.70485844730739 0.36473230562365 0.70124458867129 0.3603101081496 0.70287066223603 0.36022477674953 0.70509504359014 0.3576406680132 0.70555553297778 0.35601401851957 0.70821971378158 0.35344218994783 0.71456100861553 0.35560696255114 0.72132952043597 0.36079635543581 0.71733431223049 0.36657456646857 0.71386509567484 0.3729366363522 0.71216094688923 0.37575179169495 0.70281092195449 
0 0.40619006964655 0.70829896807518 0.41031588297211 0.70832883970126 0.41387051830576 0.70950241370813 0.41727685441574 0.70455529362105 0.42192544036518 0.70477354226206 0.42082534228768 0.71143516241926 0.41878511056582 0.71936113809156 0.41904724485495 0.72788895263348 0.42005121960473 0.73488477092813 0.41646808799173 0.73606986903836 0.41249451012009 0.73034534422154 0.41090706269033 0.72553710085689 0.4095948168977 0.72123532877232 0.40881298691798 0.71692203261405 0.40654909992335 0.71379618641778 0.406977259704 0.70712304218688 
0 0.35029957556727 0.38923146902607 0.35209688217363 0.39047631530958 0.35438044175361 0.39384675400547 0.35573881688244 0.39186120319324 0.35792161613761 0.3915155985834 0.36078942816348 0.38804638211539 0.3639035519521 0.38380081939554 0.35938027927722 0.38287183796725 0.35523950224161 0.38067614920409 0.35179515223223 0.38216557689658 0.34928944762364 0.38537068041675 0.35213647783252 0.39080015416106 
0 0.3130391102366 0.46958718867692 0.31914023152305 0.46988234607488 0.32589668378618 0.47233062377431 0.33218073806613 0.47470318085694 0.33376779717067 0.4711558738119 0.33119021684186 0.46873277008771 0.32589668378618 0.46409914255623 0.31982287782336 0.46443334996353 0.31645040309673 0.46448954995115 0.31329549803184 0.46291746393922 0.31435135602923 0.46997877199772 
0 0.80057228843127 0.45782792979395 0.80288849933555 0.46527389251864 0.80455356370301 0.47205381989754 0.80687593175185 0.47860183653659 0.80168000518987 0.48096169346153 0.79721829077594 0.47673118259266 0.79321385505483 0.47273256430312 0.79553394025255 0.47112601439511 0.79552088983259 0.46598357302291 0.79686619764078 0.45894530398149 0.80004723266295 0.45939543900305 
0 0.66386335272331 0.29986110151556 0.66988408339794 0.3034014749253 0.67258083902865 0.30591419329993 0.67464028560493 0.30660599048254 0.67592797106839 0.30938388013829 0.68747826725689 0.31122877707772 0.68511133004666 0.30754649598424 0.68381907888099 0.30180245094279 0.67860237050202 0.29622479941033 0.67331812121783 0.29438459303422 0.67094727605035 0.29633214792478 0.66779930301059 0.29554958278232 0.66491346425996 0.30142921207527 
0 0.75806402532873 0.41862961623348 0.75307875069487 0.41548543609973 0.75387977941462 0.41155455113963 0.75383979016071 0.4099008466047 0.7552350845023 0.40846656983497 0.75622751092469 0.40342984419746 0.75439020933059 0.40020756126743 0.74966091312727 0.3970622056732 0.74685190419721 0.40353895930898 0.74563042141592 0.41357914269037 0.74838094212619 0.42381099117854 0.74625617446691 0.42997437138117 0.75490910910774 0.42843095851243 0.76457218169491 0.42812663907957 0.76863187815666 0.43069321485853 0.77382166463634 0.42882136590735 0.77900987673594 0.42222631349151 0.77673899091557 0.42091492097401 0.77665523389557 0.41986411362677 0.77332581363167 0.42104697744793 0.76285941361117 0.41996053954718 0.75648964521382 0.41784644959188 
0 0.61092560854955 0.27858532356855 0.61658738190437 0.28335110204388 0.62157265641229 0.28607326665829 0.61637060217697 0.27038429903816 0.61484769192134 0.26293833650156 0.61191729828749 0.25830060250787 0.60743015763534 0.2559694470858 0.60424290389223 0.25447884346745 0.60773605968394 0.26616060853927 
0 0.53686440637406 0.28339756495965 0.53877159999663 0.28058698456504 0.54159446347135 0.27665845145666 0.54787891641728 0.27280506001065 0.55584150108529 0.27253001095232 0.56256646557624 0.26801350068283 0.56888933339599 0.26426924938832 0.57049598826267 0.27244275725362 0.5644221873708 0.27544113300785 0.55863051538839 0.27880122355618 0.55233299508785 0.28111403453486 0.55026048115694 0.28647578607969 0.54663200739777 0.28644532959995 0.54341940613545 0.28604680832647 0.54032834701493 0.29055930621622 0.53451668040557 0.28970723033909 0.53111806613737 0.29642917532455 0.53035008353672 0.29992767234644 0.53351112385158 0.30534974888781 0.53351269823165 0.314774912237 0.53500788698901 0.32025261007148 0.53900303386768 0.31954987677839 0.5427029950302 0.32454238760361 0.55208928105221 0.3279777374069 0.55582843373067 0.32119029335112 0.55964756491693 0.31194645776933 0.56264872693516 0.30740584201487 0.56578056249963 0.3026797958698 0.57279379598233 0.29193619780405 0.57339261144391 0.29288080544263 0.58273049582656 0.28766087042448 0.58410343397108 0.2815452465472 0.58616139653209 0.27639197263694 0.58256062021645 0.27628286073743 0.58930400495428 0.27132421657693 0.58730375506882 0.27947820407297 0.58829389439774 0.28448800100833 0.58803254729866 0.29014996642485 0.58835765679239 0.29595033831493 0.58671407101167 0.30104680098606 0.58698164857196 0.30621793494921 0.58462156245381 0.31085613931324 0.58306489415452 0.31500114732737 0.5796155848479 0.31518542795423 0.58336780488097 0.32184081553609 0.59590978887354 0.31594107791096 0.59983803659031 0.31204464757852 0.60192518026462 0.30651473863592 0.60774991422861 0.3084158579715 0.61059735029559 0.31002417176829 0.61268449369811 0.31359898637841 0.61803030124323 0.31007238472849 0.61900122143557 0.30503330723926 0.62130359485745 0.30173354168748 0.61669113355132 0.29626442811176 0.61394982296449 0.28775789804331 0.61052586117709 0.28764253971658 0.60849791441236 0.28449599730416 0.60691738204487 0.28068341048544 0.60508086768723 0.2766572755308 0.60456275131515 0.27242264892144 0.60347421282055 0.26777809455776 0.59616579497228 0.25791935285769 0.58440248746635 0.2566779424156 0.5843132988351 0.25563466099386 0.57695338685985 0.2409787442405 0.57024692133478 0.24546360787257 0.56649548849175 0.24814906975584 0.56308915976118 0.24531720510318 0.56259260028548 0.24661319299193 0.55733134786788 0.25125598346682 0.55314631983466 0.24534707361999 0.55104074392217 0.24853089288212 0.54879906285219 0.25060887146683 0.54894130809198 0.26167398101841 0.54316955201752 0.26224183561552 0.54079263169909 0.26459192344391 0.5379075802114 0.26614344002174 0.5331198116839 0.27271720423601 0.52768025997374 0.27791927916224 0.52316233002268 0.2789798466941 0.52265034162225 0.28503280745861 0.5244722929642 0.28821039431369 0.52552319166435 0.29280497182837 0.52997570618127 0.29632298921952 0.53450283620169 0.28846698133604 0.53659612160881 0.28576952500902 0.53896384225729 0.28065412993156 
0 0.18447924946856 0.59149072181304 0.18630151573257 0.59148836996126 0.18733855991426 0.58951211502348 0.19102465607729 0.58478077733144 0.19391206920804 0.58090738881837 0.19786762052774 0.58237612025285 0.20567489076467 0.5820269941558 0.20731964562917 0.57870947212354 0.216451915974 0.56759215146385 0.22640979123024 0.56397476833765 0.22812177212394 0.56091782464322 0.23327770943201 0.56091664871733 0.23669702961578 0.55514380032481 0.23643221606956 0.5510085394505 0.23222185413915 0.54913670066879 0.22512982022915 0.55180204715715 0.2170615159391 0.55267600231798 0.20289288441652 0.55856479694074 0.1957420499346 0.55825247792458 0.18971280384655 0.56327885541454 0.18365821023864 0.5695500680184 0.17818865628143 0.57427329182201 0.17449555412689 0.5746384168011 0.17134608542602 0.57854401935524 0.1653160521479 0.57777237040017 0.15932144242238 0.58370021280308 0.16273154975127 0.58994497333202 0.16557393561072 0.59305705509625 0.16971329580884 0.59305940694803 0.17527967414312 0.59345793424198 
0 0.14326937764678 0.60756210092838 0.14595684450293 0.6091020990869 0.14699546306474 0.61338317476768 0.15166633398965 0.61148146191408 0.1581613604347 0.60490474932725 0.15487350372173 0.60362087347484 0.1529781862204 0.6012908881661 0.14720643000014 0.60002653849547 0.14161808906326 0.60315355477316 0.14379443341511 0.60912961013748 
0 0.14195752541604 0.62520098925283 0.14248218758933 0.61853701724385 0.13907200154143 0.61384249140805 0.13565921776634 0.61616447460842 0.13175632158958 0.62042838177167 0.12673837069644 0.61461765625816 0.12649582956784 0.62433739451079 0.11470799694918 0.62710270175985 0.11806582698636 0.63075442192111 0.12288044668766 0.63295363846185 0.12733452547075 0.63314884215438 0.13218527719569 0.63271469032738 0.14197098636602 0.63382405379171 0.14143286324274 0.62480823000614 
0 0.24298038065438 0.65891008076673 0.24802406168678 0.6580591851724 0.25348212253126 0.66039833689031 0.25636142753168 0.65849780551765 0.25977350615006 0.66051781095754 0.26655034306394 0.66093009056356 0.26501398426762 0.66477819034321 0.26084282169655 0.6687090711939 0.25190160557551 0.66744589574601 0.24330863890834 0.66666390505005 0.24481689505842 0.65538230310184 
0 0.12030439871224 0.66922130860731 0.12443868153449 0.66858971882866 0.12891428996565 0.66951293822024 0.13274761428513 0.66603572545639 0.12984830671262 0.66091856218394 0.12251490711258 0.66056261373275 
0 0.10784582506133 0.68164425596516 0.11046992311785 0.67890082086777 0.11382201453951 0.67611834895311 0.11361939181872 0.67067851593127 0.11048220328275 0.66987700486606 0.10825130665992 0.6730200155004 0.10421813840056 0.68118611903329 0.10942020517624 0.67929240418857 
0 0.16557322713967 0.64950267366036 0.15868641620303 0.65342085872016 0.1558540276573 0.65695098823683 0.15774706230747 0.66199571029762 0.16478603708222 0.66046724614562 0.17156169678275 0.66132967017031 0.16560668271712 0.65806494720911 0.16527189078568 0.64955900510358 0.16426137490892 0.64911109033956 
0 0.18735202086424 0.67106092297049 0.1902301451523 0.66435909036721 0.19150665254947 0.65780883055711 0.18287873464375 0.65662714266181 0.183115127818 0.66166269237346 0.18182287661968 0.66442000332669 0.18289140840367 0.66753314530561 0.18289140840367 0.67154093995596 0.18656483080678 0.67577380267654 0.1876145487484 0.6694934137614 
0 0.06166413955567 0.75768785538362 0.06270771741484 0.76709526248999 0.06842287466997 0.75970786087454 0.06979927648543 0.75689316466831 0.06796087282525 0.75337691107712 0.06113947738238 0.75886378127192 
0 0.07399665259078 0.71888230106984 0.07347120322743 0.72670385452325 0.07657572337602 0.7313880377067 0.07893658507733 0.7181668677594 0.07815553510233 0.71462991787258 0.07320946253333 0.72123415284643 
0 0.08947831945074 0.69418785741562 0.08659169351006 0.69818412731921 0.08318079899111 0.70072553828479 0.08029417305042 0.70398684784279 0.07801100700778 0.70754332122772 0.08515570140725 0.70741584773306 0.08837019200686 0.70507552322089 0.09157736173895 0.70596440557739 0.09399655422351 0.703311634433 0.09319747759619 0.69960005964553 0.09494905419304 0.69112057587183 0.09176872764191 0.69027884814225 0.08921579156658 0.69536378330392 
0 0.10181083248585 0.72319442130222 0.09637237253592 0.72876748686463 0.09052874586341 0.73031770996317 0.08836287113933 0.73409125613871 0.08584331192244 0.73570815423512 0.08744343315222 0.74269597623373 0.09105269956565 0.74828044827725 0.09702999110992 0.74230556883882 0.10709823066377 0.73656940235571 0.11119870367305 0.73189556732008 0.10994596941561 0.72909239518756 0.10963770578911 0.7244369045958 0.10646824246078 0.71846425941655 0.10128617031256 0.72437034719052 
0 0.14773038370238 0.68203701521185 0.14690359798504 0.67856897844241 0.14189218864127 0.68113437829551 0.13689384665245 0.68419366329099 0.13225638407358 0.6902019425911 0.12620870986628 0.69134905826615 0.12175308819068 0.69536378330392 0.11576999505569 0.69536378330392 0.11281378151393 0.69966438279 0.11673973448747 0.70441629918456 0.11046378303541 0.70751239437764 0.10967769504403 0.7130301912839 0.11256896540606 0.71417859751666 0.11493053557842 0.72044863435305 0.12121689368304 0.71808761035453 0.12628519325226 0.71141799693178 0.12615527540518 0.70556470837806 0.12772235826826 0.69918436651499 0.13487202770889 0.69339552203786 0.13781131666442 0.70128128084556 0.14510628564585 0.69458061666231 0.15329991079688 0.69026967235582 0.15691334931762 0.68802459827133 0.15871026806177 0.68248598747737 0.15245352404711 0.68588982246765 0.14720532793406 0.68164425596516 
0 0.17009878277998 0.69033623332415 0.176894830703 0.68227467360059 0.17396593265623 0.67461398700222 0.16899254459224 0.67774677108208 0.16531683933796 0.67576580244957 0.16115716963636 0.67857579881239 0.16527110359562 0.68248716340323 0.16241942889349 0.68910292228366 0.16643150045932 0.6905544851635 
0 0.22166122476662 0.66508486760617 0.21903870115646 0.66515954309915 0.2159468548459 0.66467494405283 0.21306715847111 0.66596563609651 0.2101678566231 0.6675998244409 0.21222076952207 0.67086571927304 0.21310675190936 0.67570489342123 0.21800669501721 0.67393183241165 0.2219898766073 0.68007557083018 0.22767976750764 0.6782347803134 0.22769551130879 0.67351614262064 
0 0.24140600053947 0.69262034820652 0.23725978895605 0.68232182822751 0.23072052259497 0.67374462501496 0.2301616176683 0.67072672889147 0.23504928061156 0.66714273791069 0.2369526274034 0.6717660121653 0.23856510747635 0.67530531381448 0.24586660995081 0.67655014501706 0.24954003540315 0.68399610774175 0.2557334073197 0.68708408912442 0.25430969541776 0.69190374249365 0.25448492392012 0.69765825327524 0.24449634825242 0.69741130884494 0.24068563999955 0.69526382960341 0.24219319059692 0.69026849642993 
0 0.09815622392512 0.80315855763226 0.09452200358687 0.80119711325058 0.08600704745439 0.79767051151158 0.08267534425522 0.80077566141222 0.08421666238771 0.80621667049736 0.09292148876205 0.81168284439652 0.09761235431442 0.81481786281472 0.10339245474929 0.81257631288645 0.10968194587034 0.81373836284926 0.11419561494078 0.80903360096278 0.1196598081337 0.80863507967923 0.12332362681811 0.81263252214391 0.12667033385977 0.81545862483125 0.12850339249946 0.82081463799319 0.13116823551336 0.821951523142 0.13222909219429 0.82548734413996 0.13414403434375 0.82737181241299 0.13512920270066 0.83021286347023 0.1380673108711 0.83562281400081 0.13981888746794 0.83602359306206 0.13989729159767 0.83457549912692 0.14060686471546 0.83457549912692 0.14088277483059 0.84149210705373 0.1393291765332 0.84312967792726 0.14096621697668 0.84510712666028 0.14274471547349 0.84626470810472 0.14411419001645 0.84930330060007 0.1537934002439 0.84907940431094 0.15897358313599 0.84399787576985 0.15592282806832 0.84002909061907 0.15687454084778 0.83261524243039 0.1516601939072 0.83012558389895 0.15041942493864 0.82518531933481 0.14773880663599 0.82303903116275 0.14536763274493 0.8211798217778 0.14200979483585 0.8215013669527 0.14033087588131 0.81381879618002 0.13508307336329 0.80982017778946 0.13402721533923 0.80385447057295 0.13769559972597 0.79727775226489 0.14090702028436 0.7964934096974 0.14405656770424 0.79538404121438 0.15449415683305 0.80285187616059 0.15455256633531 0.80827336487599 0.15638947433438 0.81139003885033 0.16106073885432 0.81806200715535 0.16268085471157 0.8211958966847 0.16611174385798 0.82166672565111 0.17081488957525 0.82746827361361 0.1734516613917 0.82864534015002 0.17548686256624 0.83215245326927 0.18158569625537 0.83570893881287 0.1915631727956 0.82626363161512 0.18416445216459 0.81497402577268 0.17942785086988 0.817259320144 0.17496031113681 0.81499589799421 0.17003383960024 0.81374988692297 0.16946958176706 0.80714447602323 0.16719334299692 0.8062246667934 0.16505470504883 0.80116724473302 0.16062715457067 0.80035538549974 0.16376859393296 0.79180005429203 0.16078663927631 0.78865233587424 0.16373742120668 0.78434374341952 0.17108355754185 0.77955278616542 0.17534162600064 0.77819647324586 0.18000588452907 0.77532674370806 0.18375621540079 0.77338599562202 0.18516221556241 0.76801742357159 0.19154971184562 0.76591933660169 0.19471193302542 0.76544849587602 0.19653687573561 0.76278431818349 0.20225022245361 0.76287956818045 0.20755682806892 0.76043129048101 0.21563245114489 0.76631091992249 0.21752776859835 0.7686615957732 0.21996042197145 0.76942876982272 0.22324875091538 0.77342738821329 0.2261868590116 0.77955161023954 0.23248359212211 0.78043473058164 0.24050269703482 0.79259592093323 0.24408811149893 0.79834572815664 0.24855565111915 0.8015990447192 0.25057014914429 0.79237190705151 0.2566112816496 0.78587221188913 0.24980948741099 0.77688508069523 0.24480421827611 0.77660838533372 0.24299383862771 0.774045219675 0.24035698815887 0.77288763823056 0.23774603624226 0.76787960505748 0.23457728146503 0.76357665704703 0.23169718927458 0.75846302572918 0.22649512263031 0.75840328869406 0.2261868590116 0.75072872597668 0.22296693688193 0.7463397001912 0.221836925583 0.74088963647672 0.22641168048633 0.74245820401912 0.23432129002238 0.74788886495645 0.23952406238012 0.75762811834849 0.24015712060833 0.76660725324635 0.24115803567137 0.77060234385924 0.24330013427133 0.77288881415645 0.24816977056273 0.77565176962359 0.25392987622463 0.77407391226667 0.2605022832863 0.77268890675544 0.26679901639681 0.77417269004129 0.26901605841861 0.77719858253705 0.27178547168978 0.77962969171852 0.2744698684369 0.78897736178976 0.27892205785138 0.78383503788024 0.2823379115814 0.77445514743966 0.28044456210304 0.7691416087208 0.27913884998772 0.76530032921409 0.27425118704446 0.76310699224724 0.27290627286527 0.75930357755414 0.26323627300578 0.75564150915281 0.25800154133073 0.75368124069702 0.25426317574788 0.74907513899256 0.2498160210883 0.74787734088274 0.24665994007067 0.74435191506963 0.23909016323141 0.73723544677884 0.24114417819644 0.72583331658815 0.24870899573846 0.72224591948072 0.25196001187462 0.71772707147718 0.25481507142188 0.71447034472954 0.25641983703246 0.71429348547594 0.2579900450004 0.70833801192296 0.25946563272582 0.70366300107955 0.25171133854175 0.70527072691341 0.24477225836058 0.70288559649443 0.23720673234752 0.6981083943272 0.23241250886172 0.69808652547294 0.22827976116448 0.69930043373677 0.22797992047917 0.70041544663588 0.22330133520989 0.69889038504292 0.2256671561488 0.69417868865968 0.22562338838271 0.68836679269618 0.22047319756192 0.69097240921365 0.21825576194509 0.68869299452935 0.21616978706454 0.69300041094937 0.21043691817794 0.69063832867722 0.20939334247297 0.68633879096046 0.20598244795402 0.68636865947727 0.19994816384959 0.68273175598182 0.19549991027293 0.67691303964834 0.19281008184661 0.67889964494188 0.19017401850121 0.68154783004232 0.18938572637767 0.68988150279463 0.1897135910366 0.69044535924383 0.19018023730266 0.68949109540958 0.19287620581143 0.69144442231822 0.19528233094105 0.69301075560143 0.20047211755183 0.69143525363159 0.20525980748127 0.69497219998311 0.20970081677381 0.70078292346669 0.21462610740087 0.70193932895603 0.21907601396424 0.70212653308751 0.22011416018578 0.7060034463159 0.22534739955554 0.70985730813226 0.23039879802662 0.71459087713309 0.23674126687831 0.70908448656856 0.24267211405936 0.7134609329259 0.24041547637866 0.71645001596249 0.23905056757252 0.71456336046731 0.23701725570548 0.71663722336391 0.2330090441966 0.71927388439064 0.22849001962352 0.72177731301424 0.22415354714456 0.72789812485541 0.21804739274215 0.73102397105168 0.21201743833537 0.73612960607348 0.20649364712275 0.74004896705918 0.20487431849647 0.74416353174232 0.20095293323893 0.74565295947244 0.19357767087163 0.74867203159805 0.18867150883854 0.75415208142269 0.18267461626185 0.75738129150454 0.17870678477725 0.76329184779688 0.17161585545871 0.76357665704703 0.1603192845392 0.77339634376984 0.15486736363929 0.77533591592999 0.14857519607204 0.77539330111334 0.1466222562585 0.77992026300551 0.14326937764678 0.78090204352965 0.13675427785527 0.78322637864046 0.12855644123743 0.78667607482637 0.12306417684707 0.79494424493216 0.1093744694339 0.79799318557533 0.10728156722815 0.80073662067272 0.10257912998193 0.80158070027534 0.10281977398249 0.80714565194912 0.09794785471691 0.80938955372917 
0 0.56651619158974 0.88036538293942 0.56909077532661 0.88830064842623 0.57012397349157 0.89183066035031 0.57281301472783 0.89372437140082 0.57433511407589 0.89339017326337 0.57523377022278 0.89521262320505 0.58120918388065 0.89566276763509 0.58563097623898 0.8992502823351 0.5875443203443 0.90578795990368 0.59453299349783 0.90476584512157 0.59966665332783 0.90596364323139 0.60612247754494 0.90844519963346 0.61164746183224 0.91135173565156 0.61294584079058 0.90435474143102 0.61899430663846 0.90742085059216 0.62365902488786 0.90359109515916 0.62238676834915 0.90204075446803 0.62214306686828 0.89956260825104 0.6216126456662 0.89558468615611 0.6234168065133 0.88631392163796 0.62270652494241 0.88619797534537 0.62056095977601 0.87850389225825 0.61589008896909 0.87573870253192 0.61215786356297 0.87790452283298 0.60851096955693 0.88037573108724 0.60277849426535 0.87920098112483 0.59724739411122 0.88111186069331 0.58829389439774 0.87959256444563 0.57906896008581 0.87873355058423 0.58377368006435 0.87144716100258 0.5728329980462 0.872076516538 0.57937188228655 0.86940881106781 0.58120303227766 0.8667171167095 0.58338008504556 0.8662749685755 0.58356381520033 0.8616493465013 0.57911123219083 0.85372219490311 0.58200250247982 0.84791947101473 0.58274356318118 0.84162991380858 0.5762630999159 0.84347188412001 0.57676044658164 0.83880952612106 0.57438809196542 0.83687682136809 0.57080653473249 0.82890143328997 0.57412447336355 0.81844324232834 0.56774468036237 0.81955143488547 0.57459181674714 0.81307231842613 0.58151743597867 0.81759234235556 0.58887656076388 0.81617982017854 0.59387034876474 0.81109488145237 0.59661393036214 0.81816654696682 0.60355796984055 0.8145927905997 0.60539527138823 0.81798392567637 0.61636444968573 0.81845700066123 0.62267425015087 0.81529905168821 0.62838216511327 0.81726849236593 0.63159013474779 0.81684586460167 0.63420689907726 0.81914950341685 0.64030683467838 0.8195342663675 0.6465598000228 0.82040467495075 0.65042962624748 0.81710315718603 0.65306718518736 0.81184135920626 0.65340693640758 0.8152496628009 0.65810551630381 0.81609256647763 0.66408784571332 0.81727766458786 0.66909846774045 0.81530822391014 0.67488480071774 0.81491664058933 0.68487068605218 0.81454457763828 0.68878593314203 0.81218120178798 0.69399949276085 0.81183900735449 0.69346987130357 0.81694464237629 0.69121126564778 0.82277490644898 0.68795954104059 0.82582381181438 0.68274897274392 0.82952614391813 0.67651757640652 0.82989935927655 0.67620238551548 0.83529897577043 0.67430824884709 0.83990391330826 0.67117792273718 0.8459006414497 0.66538009687899 0.84548730349996 0.66228975979846 0.84353044522925 0.65915484062389 0.84350974893361 0.65369600594123 0.84951579040809 0.6510145871644 0.85057800426299 0.64782514249274 0.85288846344831 0.64542435711261 0.85618317260214 0.64288747977854 0.86236713166351 0.63918445912281 0.86966727957806 0.63658153654459 0.87293776465858 0.63244030000984 0.87211555727749 0.62746115276932 0.88080412088834 0.63203134197043 0.88575582721137 0.64468943649353 0.88743128641701 0.65022056183757 0.888115675284 0.65493518714651 0.88552040684853 0.65992431888562 0.88124391717057 0.66428464322271 0.87960173666756 0.66755407960574 0.87437897942728 0.67285070160927 0.86909648515188 0.6767727834167 0.86359809088338 0.68123229369853 0.86043214561432 0.68989980704519 0.8462543599569 0.69581908253268 0.84305273709639 0.703033757946 0.83875899658564 0.70795212130073 0.8321627884819 0.71031447860347 0.82550915756519 0.71234936485059 0.82306084458798 0.71510374279204 0.82170922361271 0.71529441512711 0.81374071470104 0.7197691819877 0.80872350930603 0.73077529479701 0.80275545023775 0.73551683997025 0.80582391125067 0.73156248485446 0.80903701114785 0.72526496439483 0.80900714263029 0.72153965110119 0.81443662764173 0.71419894656286 0.8266070019745 0.71028834389423 0.82939867355184 0.70979021003845 0.83334790305509 0.70774998561646 0.83606378620892 0.70355268823012 0.8408949601284 0.69821985470926 0.84392202855005 0.68983525746211 0.84821580433858 0.69272803775006 0.8536349412022 0.69478746998845 0.86149083169155 0.69010433328856 0.86369569273211 0.68486454596988 0.86744172224187 0.68097936953946 0.8686256444262 0.67837408539113 0.86735446854095 0.67518612317698 0.87091093879752 0.6772063676894 0.87887477928342 0.67981165183773 0.88476710872449 0.68019217950189 0.89095788815602 0.68532276929075 0.88890354562916 0.6916202895913 0.88783321788563 0.69620348185372 0.88241184676282 0.70111805227058 0.88115889772884 0.70817048781715 0.86932614347786 0.71318882430665 0.85998305951758 0.72157727878499 0.85794470958281 0.72846597880375 0.84950650059357 0.73313686496937 0.84625318403101 0.73729108759593 0.84503139703307 0.7375525134074 0.84203069286983 0.73521629081391 0.83685730099834 0.73965730212985 0.83222250317444 0.73581975069671 0.82853969496821 0.73366883263805 0.82729487158212 0.73107819022442 0.82544026006739 0.73943517261907 0.82118671270351 0.7475284153155 0.82663685873281 0.74119476299223 0.83060330849477 0.74467642580939 0.83364532999002 0.74733777360585 0.8376393387511 0.74052982356749 0.84385429521888 0.7438953914846 0.85097758387983 0.74159300243223 0.85617164852843 0.74057367005259 0.86194215204748 0.7382397303102 0.87205699616825 0.74121247476807 0.87498528681529 0.74157914788757 0.88030917368196 0.74993077765511 0.88547101796122 0.75540952581462 0.88516786426722 0.75775802857271 0.88832475490694 0.75990132692283 0.88939273079869 0.77039771914893 0.88699948643083 0.77224035728887 0.88508754852905 0.77144088708672 0.88074779403829 0.77297449071791 0.8732650248333 0.77297606509798 0.86868314720214 0.7695451923167 0.86430552789778 0.77245793661526 0.85864297437528 0.77565125172166 0.85107518572856 0.78148214234794 0.84947557374271 0.7795872019095 0.84395189706761 0.77588803848496 0.84315603042642 0.77427524353599 0.83969836146299 0.77011557393947 0.8345249695915 0.76625645349929 0.82902890365626 0.76329913796615 0.82236379099917 0.76225516653833 0.81305279805639 0.75652961851908 0.80596737420905 0.75926093179243 0.80315855763226 0.76253808263783 0.80121780954622 0.76421700154996 0.79726858004296 0.76777322749737 0.7957090671299 0.78164129559353 0.78910600808194 0.78114851463001 0.79415073014273 0.78533431893578 0.7964934096974 0.79167867704356 0.79576880416503 0.79538327207936 0.79964912441123 0.79952296408469 0.80267854468466 0.80370953854473 0.8063015723465 0.8099739968637 0.80465833351019 0.80791992042755 0.79502467826292 0.8013202593427 0.79298632832814 0.80037549091691 0.77563107332795 0.79591448486131 0.77690460106498 0.79171640028491 0.77915885099284 0.7897622628971 0.77775667696364 0.78666657606634 0.77848128249601 0.78404742066236 0.77266256601554 0.77879310111168 0.77219290121575 0.77228648662507 0.77347324932293 0.76830668995214 0.77689542884305 0.76415245196688 0.77877643989397 0.76432154038695 0.77262117342427 0.76279557249912 0.77192526048358 0.75689093874632 0.77775667696364 0.75073101926434 0.78083548612438 0.74763375706745 0.78278305458057 0.74415137005433 0.78316664160534 0.73956348459843 0.78904627104682 0.72867664610383 0.79296563203251 0.71554267995699 0.79483406067642 0.71504533329125 0.79698612264459 0.70874009852834 0.79569989490797 0.70295377943819 0.79499245789358 0.6885883484426 0.80198145581808 0.68192486349359 0.80282435949481 0.67849940604511 0.80396006871772 0.67488401352768 0.80276462245968 0.66863953594855 0.80069757993323 0.66302545403862 0.79728692448682 0.65179494195248 0.80002236328817 0.64684885620459 0.80153354564722 0.64154681642555 0.80152213916611 0.63656232910767 0.8058330834726 0.63553063784443 0.80206071322295 0.63263945909438 0.80130388732124 0.62634193863474 0.80002118736229 0.61472473283748 0.79838712074791 0.60925895753062 0.80000049106665 0.60425597124686 0.80153131138804 0.59747031440401 0.80160022064509 0.59066159289307 0.80353861687936 0.58462086558965 0.80158869657138 0.58357688255495 0.79999131884472 0.58172808803272 0.80003035958421 0.58011450589371 0.79656114302856 0.57412447336355 0.79748106985098 0.56889626066832 0.79962960404148 0.56342662813029 0.80523136219556 0.55947454054667 0.80792764266483 0.55895105917169 0.81171271291408 0.56204062263114 0.81962034414252 0.55842679060667 0.82464788592608 0.55442621211674 0.82203190943572 0.55018892558252 0.8222868501683 0.54913889279141 0.82950662354838 0.54656053054236 0.83589038417744 0.54737999537147 0.84430326372304 0.54556961572307 0.85293785233562 0.55071327286655 0.85536778559119 0.552818061589 0.85735792256455 0.55549938829496 0.85803431513549 0.55868892488918 0.86345345199912 0.5612287935454 0.86437208530306 0.56565602903568 0.87421129239561 
0 0.65813007663299 0.74741920015666 0.66198911835416 0.74191045774035 0.66313455857782 0.73858940784662 0.66332828604607 0.73457126908631 0.66784463144861 0.73371119689161 0.67331812121783 0.73377775429689 0.67666981895979 0.73301069783996 0.67956329338088 0.73149363585146 0.68230310830664 0.73579540793603 0.683064950825 0.74357556879818 0.68362070699152 0.7495631482362 0.67882075100501 0.7506621685714 0.66983488402059 0.74984795748635 0.66386335272331 0.75167616946488 0.66138723285143 0.74899588158769 
0 0.65809167522206 0.77336647525227 0.65782875374287 0.76707691804613 0.66065695665358 0.76496048663238 0.66229746069187 0.76092282750232 0.66438998287175 0.75805192203863 0.66675767944474 0.76072644787898 0.6683389867922 0.7639590681459 0.67117255605144 0.76507419866577 0.67268309501453 0.76038425344548 0.67641382475957 0.75462057029659 0.67720172326818 0.7557942619257 0.67822570006904 0.76524294403074 0.67535906882824 0.77266139008965 0.67354947636987 0.77756147326618 0.67588184173218 0.78092497408448 0.67232643303101 0.78788069330634 0.66806370643607 0.79257287278582 0.66492266074816 0.79215377279923 0.66263870757316 0.79533935603062 0.65599223933883 0.797276576339 0.6562535864379 0.79140847097123 0.65178721418627 0.78777274330979 0.65227535072857 0.78192415831176 0.65568474950028 0.7796572083843 0.65778953822273 0.7760421770185 0.65782954093293 0.77219054936398 
0 0.61816097478947 0.66876881233692 0.61163894789021 0.6702375437343 0.61467088903891 0.67419946916636 
0 0.60462114870529 0.66683606059574 0.60744859006578 0.6656015736294 0.60459036957482 0.6604305529403 0.60793364438337 0.65427411501877 0.60037229047751 0.65813609072355 0.59997948264876 0.66406275705085 0.60210505318821 0.6665811198696 
0 0.59006655594367 0.64845198850031 0.59167251412433 0.64394348875847 0.59826523085551 0.64871833109287 0.59538552030852 0.65578200474724 0.59308928696893 0.65471050110489 0.58954307456869 0.65508032978742 
0 0.62771794685517 0.64783980149833 0.63267943552836 0.65532609829187 0.63374182720306 0.66016409245928 0.63659381670917 0.66527889537774 0.62847364931033 0.67111948812824 0.63732259724595 0.67933956265754 0.63531463289812 0.68957141114572 0.63524315604271 0.69341269055539 0.6380736552608 0.69781323692924 0.64230401452269 0.70105856048794 0.64601396245075 0.7044783848641 0.64943792423816 0.70563479355923 0.65106000802957 0.71017998218785 0.65731675188617 0.7114626821144 0.65861594380032 0.70781895824898 0.65677942939628 0.70446568807062 0.65546797076056 0.70083113642689 0.65644423044853 0.69532251174233 0.6546814757974 0.68830705204825 0.65126988618416 0.68242859853266 0.6486845833722 0.67570489342123 0.64659286200438 0.67021802336505 0.64499156002995 0.66165128589264 0.64312119650069 0.6577548555602 0.64313506413042 0.65303045132525 0.63919911384315 0.64911109033956 0.63532156017046 0.64543397008685 0.63003951501837 0.64315220824823 0.62823684983234 0.6302090275079 0.62660941314867 0.62588772997159 0.62291024972413 0.62912035023852 0.62287718774255 0.63218646443171 0.62115986648652 0.63432241616125 0.61980297448883 0.64049955469642 
0 0.56309073414126 0.66088869797334 0.56499258527202 0.65703601208284 0.56812827806767 0.65650202415046 0.57513537146808 0.65308784101263 0.57405219797639 0.6470417006181 0.57254394186441 0.63970368323319 0.5670351072625 0.64675806263708 0.56441527119491 0.64558448860056 0.56153556150304 0.64715882283362 0.55470149247288 0.64636647931627 0.54991144109428 0.6510506670552 0.5484031849823 0.66009294894483 0.55604829590816 0.65825897497578 
0 0.57806042365083 0.63499997968 0.58462156245381 0.63225536865672 0.59057854434411 0.62951193355932 0.5949934209508 0.6283280165045 0.59825907882166 0.62675933140914 0.60378940371159 0.6302572404681 0.60561899079691 0.63588074817034 0.59983961097042 0.63821308445698 0.59717126090874 0.64042029729355 0.59406714627911 0.64009526655399 0.58829468158779 0.64314538787825 0.58462156245381 0.64319242491259 0.58251598654132 0.64441538780553 0.58094160646619 0.64201308886901 0.58015985953406 0.63303971122421 
0 0.67619704654351 0.69653970919221 0.67783755062325 0.70125258825461 0.68113003771265 0.70332315850642 0.68691092519154 0.70548662690105 0.69080617765444 0.70074388272818 0.69661863145384 0.69922341059303 0.69608664842645 0.69350229262274 0.69456533934416 0.69183482971314 0.69371815104142 0.68917982783481 0.69114207164348 0.68521107806207 0.69088300740211 0.68094035052884 0.68905422175192 0.68000901724884 0.69410325878043 0.67106904090891 0.68980298267057 0.66327959042902 0.68642507150036 0.65734139563174 0.68721849453793 0.64989308105527 0.68308417235618 0.64274227572855 0.67940498946433 0.63769520181598 0.67441278768407 0.63178688482496 0.67366401252034 0.62823958174819 0.6704245818522 0.62565913517584 0.66458054795783 0.62481623152041 0.66307694985592 0.61579240622057 0.65919325549773 0.60836596949942 0.65546797076056 0.60081088104315 0.64943258459006 0.60089812891941 0.64313506413042 0.59854627714282 0.63605341074838 0.5966917303531 0.63342664915183 0.5942560351222 0.62975283315369 0.59384257358963 0.62293025692574 0.59384257358963 0.6166465785952 0.59177553711609 0.60345500538363 0.59188230513384 0.5972289619385 0.59030562979285 0.59379807287876 0.59189030747989 0.59091838604929 0.58991287055609 0.5856709771263 0.58953162928314 0.58225929541729 0.59422381475368 0.57364474841294 0.5970442729255 0.57125861797107 0.59893903638951 0.56861798899004 0.60315120292138 0.56023103017278 0.6044259065843 0.55386966876018 0.61217738039228 0.55261354961724 0.61657557286218 0.54925649898302 0.61979902625215 0.54368154041796 0.62520322872047 0.54265685514605 0.62950041458551 0.54080035666133 0.63422481431499 0.54126770088676 0.64410999986005 0.54967622871105 0.64313385904935 0.55681934854996 0.63628386049338 0.5602171866185 0.62960036828349 0.55994276118102 0.62675697955742 0.56335900850606 0.62520899075718 0.57124476342641 0.62169273725482 0.57989157367507 0.60608067518584 0.59715748508308 0.60209240504384 0.60370943729287 0.59971303666157 0.61065732191336 0.60029641348002 0.62583757331683 0.60323963831148 0.63046924205988 0.61073275547501 0.63807672530194 0.6139010525158 0.64519449762164 0.62747594062737 0.6449799883364 0.63293059031502 0.6489128684831 0.63655949751463 0.65089005370046 0.64285940270944 0.65435330963921 0.64571995995305 0.65790179152209 0.64823949869766 0.65993352900906 0.65302128360903 0.65996887384174 0.65606669196883 0.66281481556679 0.65703942226783 0.66574598280845 0.66237130529585 0.66983418930911 0.66486661996778 0.67174216676262 0.67144451403556 0.67304749912364 0.67339208244255 0.67562584753197 0.67495159531622 0.67826568932295 0.68132852365476 0.67878074776453 0.68591733913274 0.67171603205337 0.68910292228366 0.67619704654351 0.69653970919221 
0 0.61695405502387 0.73621685977439 0.61527513611174 0.74625244649029 0.61295355525295 0.74787851680863 0.61433571587845 0.75124319355281 0.61406742915611 0.7601924599331 0.61453408777293 0.7698111809216 0.613478532289 0.78160712869228 0.61873217234933 0.78550014893807 0.62371744698319 0.78940798585006 0.62620811632498 0.7914256394892 0.6268154207815 0.78659564149561 0.62606672433677 0.77637637515596 0.62955446125922 0.77053343460219 0.63001496744283 0.76239273486269 0.63106429178941 0.7485767816011 0.6278379019213 0.74563343910269 0.62871042335894 0.74317598918133 0.629235479114 0.73685421160585 0.63179305954606 0.72985721738531 0.63080215750028 0.71966664363733 0.6323910878176 0.70987800442737 0.63764471540933 0.7051834732147 0.62766645193112 0.69770764216131 0.62298251376958 0.70446568807062 0.61793725538079 0.70767996381249 0.6181993896633 0.71583230209337 0.62052868498447 0.72392020276048 0.61720312195176 0.72561518233587 0.61791726075384 0.7310216191999 
0 0.49094524875256 0.70947489396347 0.48227457740533 0.70753414900603 0.47940566331341 0.71301184684051 0.47777358220852 0.71153053303644 0.47546279470255 0.70986647728427 0.47028685391821 0.71221715313498 0.46549145824477 0.71415790122102 0.45996962640983 0.71652927336736 0.45578383045624 0.71265930126898 0.45237293593729 0.71049465994761 0.44902659100305 0.70506517188236 0.44575407639739 0.7020094141372 0.44182347910181 0.70508469544258 0.43661062795402 0.70651332776818 0.4306529375927 0.71527761785186 0.43711340623102 0.72286139909066 0.43657071741912 0.72936685628989 0.43399235517007 0.73375705800126 0.43164307296428 0.74505817615814 0.42644099857768 0.75291524257338 0.42770712267701 0.75727792761896 0.42792390717045 0.76324245890958 0.42448687802842 0.77022228461215 0.42061697308473 0.78000751670643 0.42880178150035 0.79172314873893 0.4387347028324 0.786103046141 0.43977710782796 0.78160948054405 0.44154749826717 0.7775833454877 0.44450024817269 0.77181731048703 0.4468710203417 0.76517521069958 0.45106069011151 0.76121563304851 0.44835857335569 0.74930244546677 0.44711859160851 0.74238012254013 0.45038417076036 0.73850897451586 0.45584301879489 0.73340451541995 0.45945834648043 0.72751571375654 0.46183070109665 0.72918200074025 0.45964286382523 0.73091719698102 0.45919472497519 0.73377775429689 0.45865273619598 0.73702072271163 0.46070989992116 0.73856988747687 0.45836218435311 0.743040522519 0.45653251854879 0.74508451689804 0.45450543380293 0.7478187797735 0.46076295652969 0.75016263525406 0.46654235697147 0.74483992431327 0.46547995667281 0.73660726716931 0.46864100566465 0.73110205253066 0.47369932273107 0.73714819307793 0.47178976589446 0.74728138164255 0.47036683242603 0.75717797391845 0.467579392503 0.7604324664069 0.46594581573704 0.76505926440699 0.46357881401307 0.76835044578316 0.46555143352822 0.77210447158895 0.466594617766 0.77729277420071 0.46864100566465 0.78003844355729 0.47748460474572 0.77052661423204 0.48301414244562 0.76308864780339 0.48359840394634 0.75219863333705 0.4851781278589 0.74798529087929 0.48509972373115 0.74367552249868 0.48483215783739 0.73993066891481 0.48720452159954 0.73802896156826 0.48488985886714 0.72871116001458 0.48942926893778 0.72210574911484 0.49692756892164 0.72516268605405 0.49928913903434 0.72672913692985 0.50192126636296 0.72442773237387 0.50432817862183 0.72789694892952 0.50695118419079 0.72437152311641 0.51088098465156 0.72516268605405 0.51514976863917 0.72524993975497 0.52189393071515 0.72750536560872 0.52584374556969 0.72554627307882 0.52903783774409 0.7240442629417 0.53218502351429 0.72470795551305 0.5387009207781 0.72632943972042 0.54655281607999 0.72828853225032 0.55436709414492 0.72602511010053 0.56203448254885 0.72968388590938 0.5665154942682 0.73416933761769 0.57037838207106 0.73545097924335 0.57125239916977 0.74134201516595 0.56833814293169 0.74534404374158 0.56519780571482 0.74794860199157 0.5646781926741 0.75416007771873 0.56393712086965 0.75997197382905 0.56463283942485 0.76271540892644 0.56048010809769 0.76827118837829 0.56207518027379 0.77708028439269 0.56145251295407 0.78347673326208 0.56357658783244 0.78442064897261 0.56468353446327 0.78750863035528 0.56703976284646 0.79061378025592 0.57093185538647 0.78976288028314 0.5759025668787 0.78497074710316 0.57887988850064 0.77343538450933 0.58596538620779 0.76642804214097 0.58887813514395 0.76287956818045 0.59270954649481 0.76115824786516 0.5937465119313 0.74033260038343 0.59613964836451 0.73102397105168 0.59873186515822 0.72680721840884 0.60061293447199 0.7227809657599 0.60614325936193 0.71897872699268 0.61190959612137 0.71611699375092 0.61381066011012 0.7126294357513 0.61274904328119 0.70781895824898 0.61086105896484 0.69800162362595 0.6050300939298 0.69693011658713 0.59989800847987 0.69270760541058 0.59453299349783 0.69614812587141 0.58908108445519 0.7004590701779 0.57614470653425 0.70545675520316 0.57097492594368 0.70986530135839 0.56394940103424 0.70955297852005 0.55785710117648 0.71067833956672 0.55313939256233 0.70791656009524 0.54663122020773 0.70787634343088 0.54055277489464 0.71149490248293 0.52873037151038 0.71417859751666 0.52245204845179 0.7122402042921 0.51508521905446 0.71104240317257 0.50275309961438 0.70790738475437 0.49698063492307 0.70751580143357 0.49094524875256 0.70908331064267 
0 0.4783032823848 0.47161402362642 0.47336414600937 0.46995008853652 0.46894847341634 0.47318035687007 0.46365494384073 0.47624880883411 0.45786782900952 0.47468129962501 0.45158417149972 0.47546446626662 0.44501836858828 0.4750740588717 0.44028830109054 0.47191952916449 0.4385440454053 0.47527738545369 0.43531610177236 0.47624998476 0.43006790565931 0.47302772169362 0.42297704753637 0.47233862914049 0.41380596872268 0.47437121698706 0.40725324141195 0.47308393094966 0.4054082254019 0.48172651563995 0.40434126802498 0.49085840308001 0.41027132801599 0.48908874360842 0.41327478016364 0.48887967263776 0.41590619174291 0.48758897641537 0.41904724485495 0.48879123435868 0.42201148023628 0.48615810983064 0.42453064579451 0.48487304929888 0.42710515081238 0.48799666991054 0.43374172165745 0.48887967263776 0.43870778093311 0.48949868000972 0.44424503309537 0.48760849678462 0.4490335100939 0.49076185956702 0.45473985067624 0.48792999491436 0.45714597574507 0.48604897518717 0.46024404932178 0.48643139500017 0.46476266911057 0.48879241028457 0.46993860104559 0.48729146717315 0.47385613979528 0.492386871511 0.46579436037381 0.4993080183369 0.46835115361583 0.50876363816583 0.46680370407055 0.51859249686226 0.46558142546865 0.52958810919559 0.46364265512512 0.53091102578651 0.46254798865888 0.53417351448858 0.4607505976461 0.53817213277813 0.46603650002937 0.54422862132021 0.47335028266842 0.55229240825257 0.48174645160912 0.54434574353573 0.48387430499967 0.52640135011882 0.48780183225411 0.52290344105985 0.48591304847797 0.51629920625284 0.48097391229479 0.51618325200066 0.48049418969736 0.51120168524844 0.48495440845022 0.50218809594976 0.49304389744574 0.50329628019082 0.50218111779436 0.50689062345826 0.50257471281314 0.51189183613485 0.50380084958085 0.51857074223388 0.50113793355657 0.52597307792112 0.50059445755464 0.53380380339864 0.50069978358166 0.54399437688918 0.50349336358699 0.55115553018282 0.49959740265305 0.55621294516415 0.50150461618326 0.56522759302383 0.50301979006039 0.56913555415325 0.50346258445652 0.57357396871391 0.50611785517224 0.57511619547745 0.50779598689433 0.57856248139122 0.51324713027031 0.57511619547745 0.52291562466491 0.56380707455077 0.51512441126808 0.55670213033368 0.51462471287085 0.5510085394505 0.51383137291237 0.54240617142457 0.51745213220917 0.52841335926286 0.52112673530453 0.51661270808674 0.52920850054424 0.51067686953775 0.52920928773427 0.50611557072487 0.5271374822744 0.50331580884815 0.53266553460759 0.50133601173503 0.54390297697553 0.50518882355571 0.54442724554055 0.51198591020353 0.54556268845073 0.51538856926795 0.54886054239412 0.51672300198338 0.54787041476487 0.52083639074064 0.54684029788171 0.52447212615521 0.54494002113102 0.52790465373644 0.54473551975855 0.53358437563343 0.54262379316448 0.53742001059897 0.54441496537596 0.54336502136966 0.54848237630008 0.54943985435514 0.55391966615887 0.54876580651357 0.55974974218381 0.54525638052062 0.56020410827349 0.53662296805202 0.5617899923533 0.5302541536019 0.55942384550826 0.52486370946612 0.55912636639306 0.51342947678754 0.55294259505294 0.49691594995536 0.55024506297067 0.48957792877795 0.54426886290499 0.48690917367652 0.5389553301514 0.48455955621847 0.53214047883927 0.48330554008978 0.52039875194228 0.48242124382178 0.51640894797138 0.47937583984863 0.51114848157713 0.47977776242489 0.50648989081712 0.48027612868597 0.50123019222898 0.48420360346107 0.49463212277209 0.47704350850071 
0 0.65542718091999 0.51266465460911 0.65460692890084 0.5036006180911 0.65992589326569 0.49428045640525 0.66071686181544 0.48479615250122 0.66431534363418 0.48613400335054 0.6727392216642 0.48953772074822 0.67193205081222 0.49457443787732 0.67083123045115 0.50006365992389 0.67043763543236 0.50606159572796 0.66750944593061 0.50875329001827 0.66640863938208 0.5106573491685 0.66464517625992 0.51191018057824 0.66337827261345 0.51577333220888 0.66649397078215 0.52250267772436 0.66760171830617 0.52671602018212 0.6699125796773 0.52915513329446 0.66758170997606 0.53906206608335 0.6666123641638 0.54398520466748 0.66387719365927 0.54706965819456 0.65967989637895 0.5393365345633 0.65317865129668 0.53502559036571 0.6494701990297 0.52484536502273 0.65278962198011 0.52242460405024 
0 0.62214227967822 0.52916664973333 0.6234606529984 0.53700654763061 0.62240520115741 0.54446286575124 0.62817766584873 0.54366934371369 0.6346981056607 0.54360961394825 0.6346981056607 0.54176764368335 0.63215815828548 0.54046777523927 0.62848434238015 0.52753023894306 0.623454525504 0.53034257562163 
0 0.56651391988808 0.47781866989499 0.56997014531757 0.47473986974373 0.57543363777332 0.4738993089093 0.57910974799741 0.47783702327008 0.5842987358194 0.47703432732749 0.58956078634453 0.47671048629755 0.60273079054907 0.47821025321579 0.60621324055627 0.47826882324536 0.60796749355499 0.48133493232904 0.61507141133002 0.48131882214478 0.61762285167979 0.48330554008978 0.62083694860318 0.48418630858011 0.62630036233992 0.48244430078404 0.62818379322381 0.47798401400241 0.63133948064641 0.47705503257412 0.63625406548896 0.48064936755349 0.64050978528881 0.48526580854557 0.6433964112295 0.48526580854557 0.64575955578197 0.48683214182878 0.64937416184511 0.48124074066777 0.65411036942515 0.48414504235332 0.65594609659276 0.48950902815727 0.65101923158562 0.49547826300065 0.64186279450663 0.49512454450238 0.64003005866117 0.49983400997345 0.63763086086467 0.50407028287902 0.63290080619345 0.50485685968583 0.62676702126577 0.51263596201816 0.62274037411402 0.5111350021622 0.6213612171682 0.50868896687381 0.61919110415283 0.50811711412877 0.61873138515927 0.50330546070059 0.61867831608216 0.5002186553218 0.61745832896194 0.49787021378961 0.61869217062682 0.49775085731496 0.61811484545327 0.49207559536469 0.61192265117975 0.49301846128965 0.60849791441236 0.49268308723478 0.60508701989341 0.49388769715856 0.60267238104828 0.49239945391769 0.59964815436195 0.49351799459438 0.59281329814176 0.49223294281611 0.59112052468497 0.48966636703715 0.58749748253706 0.48996833617286 0.58388672055374 0.48947797507745 0.58232847787437 0.48633602741304 0.57569191482464 0.49781741471856 0.57334341206656 0.49192061690807 0.5701823717517 0.48722490107547 0.56960425938811 0.48415644883414 0.56775546486588 0.48341114702497 0.56629097651999 0.47748565662354 0.56808830000299 0.47703432732749 
0 0.69169097925667 0.48288409705515 0.687695832378 0.48846974488345 0.69031260950089 0.49076068364116 0.69161871521122 0.48830664396687 0.69330991428794 0.48770492270503 0.69906474577658 0.4903220632959 0.70184684737561 0.48877525042151 0.70485563056895 0.48840200288966 0.70973022615759 0.48949985593558 0.71529205355694 0.48857651895141 0.72000289870985 0.4881056695658 0.72526339001471 0.48448146597808 0.72782945693937 0.48456990436603 0.72912249529508 0.48725477828636 0.73659159052854 0.49264639834799 0.74100024833394 0.49390957790529 0.74516605801276 0.49551730373915 0.74516763239283 0.50127863489073 0.73707202806659 0.50055166916753 0.73286778805582 0.498994516503 0.72867507172372 0.49895665169036 0.72630734628273 0.49740748696425 0.72447698714732 0.49820099331683 0.72027890257091 0.49859140071174 0.71660429938271 0.49545755821943 0.71220863010189 0.49505681117293 0.70532229147927 0.49743500362934 0.70244257822779 0.4970561203177 0.69975888995171 0.49887857021335 0.69218218584011 0.50055284509342 0.69142113051179 0.49897617205961 0.68984675043666 0.49898533588432 0.68589852008423 0.49859257663763 0.67986928816154 0.49741665074933 0.67410908976758 0.49546673892723 0.67166454982492 0.49341110293383 0.6743581705693 0.49232018794946 0.67694344621685 0.48519808395968 0.67960715387241 0.47897626024188 0.68216473436908 0.47458829290056 0.67726021148797 0.47106745328735 0.67594639131527 0.46712963036469 0.67272150988836 0.46606859246249 0.67094727605035 0.46212971120655 0.66858112644776 0.46059889092384 0.66616037331097 0.45281873025824 0.66096443308225 0.4503991452116 0.66093672399293 0.44772461943883 0.65938926581708 0.44648201858406 0.65677864220622 0.4441956659372 0.65000832213938 0.44405102705659 0.65096617497709 0.43554508495107 0.64703022478925 0.43440818980264 0.64287056827112 0.43274190281893 0.63531384570809 0.43121226853251 0.63053923602109 0.43117321768394 0.62633885593276 0.42833442517878 0.61746368185419 0.42640296695605 0.61058427067787 0.42374678562666 0.60805046338495 0.4205623784016 0.60430517062421 0.41979638029732 0.59773938789713 0.42217810053131 0.59531405533012 0.42557958366986 0.59358663363467 0.42967345195396 0.59175011927702 0.43776829037932 0.59253581365352 0.44177725681642 0.59460447035324 0.44456549461973 0.60062680102788 0.44332288396182 0.60346728554822 0.44454702281153 0.60434366421704 0.44913714158017 0.61243465188969 0.44958834433211 0.61637060217697 0.45195865808527 0.62086843620468 0.45274064878123 0.6258222231111 0.4534377376302 0.63053923602109 0.45242714694733 0.63101893686311 0.46207338435793 0.62739047579127 0.46411067590793 0.62399263602578 0.46646934799509 0.61972228750998 0.46635456840999 0.61610074102315 0.46802650901704 0.61487461382063 0.46476519624083 0.60345343100356 0.46427365923193 0.59878871224372 0.45869835955119 0.59348823487997 0.45557592361887 0.588818162976 0.45155436517989 0.58378674741897 0.44574483066331 0.5785385514385 0.42808523630127 0.57332499181968 0.42342869768192 0.57233250262032 0.4132104899337 0.57565271276077 0.40615493478216 0.57066051098052 0.40765469991801 0.56709737399447 0.40529368668333 0.56415234971572 0.40530284814142 0.55891957157019 0.40247099425237 0.55710683035168 0.39662123347623 0.56704510457598 0.39865958335951 0.57307436182691 0.39315425126735 0.57704337409659 0.39118375230611 0.58042120663313 0.38953804406701 0.58545259897647 0.39465179284826 0.59165943498469 0.39426126787062 0.59192692215946 0.39164306894647 0.58570938036673 0.38113781769617 0.59201918083186 0.37951974371475 0.59822522965004 0.37851268080946 0.59980733617807 0.37545680228074 0.60428446752622 0.37631816797216 0.61013069177823 0.37479651991114 0.62245588363444 0.37736662346768 0.62766645193112 0.37895365300643 0.63257946239359 0.37560038282807 0.63467355820284 0.37796021938676 0.63762394653818 0.3778649693898 0.64394680141209 0.37830594159791 0.64414289045045 0.37810956197457 0.64414975211448 0.37635720871066 0.6421302816814 0.37623655871757 0.64159987303409 0.37125957011367 0.64707714131549 0.37345524730869 0.65157506647115 0.37975751592336 0.65415493774473 0.38139274705469 0.6564458048286 0.38422227122325 0.66281481556679 0.3884379654263 0.67090884738885 0.40014783512614 0.66807527812962 0.39901330185777 0.66412548701245 0.39902928352736 0.65651729510715 0.39787406488597 0.65048112174659 0.39471951514675 0.64412517867461 0.39511109846756 0.63080137031022 0.39550385771425 0.62737660855928 0.39668779087982 0.62443236038077 0.39441402063965 0.61814869462488 0.39382958548793 0.61400130519295 0.39472069107264 0.60906830010352 0.39438767990042 0.60801204851112 0.40092300545212 0.61427037910368 0.40099072790904 0.61905191647399 0.40451850557393 0.62221374397889 0.40519373298535 0.62449690996385 0.40768116895402 0.62638648093003 0.40335517290544 0.63001418025277 0.40256058896991 0.63625941838121 0.40460577005605 0.63742793621388 0.40835979576701 0.640772706768 0.40844021841139 0.64603238269763 0.41115497153288 0.64727393882488 0.41638572493706 0.64996219280318 0.41756741283236 0.64815874042711 0.40809449620023 0.65368906531704 0.41111475486852 0.65992740243604 0.41314274603869 0.6662310493096 0.41277751403257 0.66865261703287 0.41421989415237 0.6717344661078 0.41471143117368 0.6686595305755 0.42060247747338 0.66412548701245 0.42646951413075 0.66621876914502 0.43471135351733 0.66840196199521 0.43693455894558 0.66962352349551 0.44107781611573 0.67998538467903 0.45038079114337 0.68878514595199 0.4621584037975 0.69167713902336 0.46377530185306 0.69483895221691 0.4668701035277 0.69457146504214 0.46361796297319 0.69561230212057 0.46019813539123 0.6953509550215 0.4534285654085 0.69424855968873 0.44538193019222 0.69410325878043 0.43951148287209 0.69662319715606 0.43398674800326 0.69539014268121 0.43345734618173 0.69539628276351 0.43006503526487 0.69772479089463 0.42174747648189 0.69745117809479 0.41832647297408 0.6998550058553 0.41594357681423 0.70043847111114 0.41590688792745 0.70480950123275 0.41272012885067 0.705820410679 0.42022700434673 0.70867397456518 0.42508687073511 0.70588040923001 0.43164065832279 0.70691051144302 0.44295318267501 0.70584656005754 0.45305756080012 0.70589960199677 0.45941038265856 0.70814200626508 0.46263041112175 0.7064093075461 0.47278771522588 0.70433136200393 0.47546799404428 0.70349111535783 0.47747529953561 0.70184606018555 0.47713075325033 0.69920155940511 0.4785145917498 0.698139182205 0.48365926738113 0.69482589925317 0.48487422522477 
0 0.62345144287496 0.36178784010049 0.6171139333205 0.36029100407509 0.61571942616895 0.36655810093845 0.62010975494988 0.36418567051874 
0 0.63578664494408 0.35238618316809 0.64411211131998 0.35306258782234 0.64897056951285 0.3519951999205 0.65389814299102 0.35395369237719 0.65835380951119 0.35543337194584 0.66334371497081 0.35434587571182 0.67117019448132 0.36459336401391 0.67797206743894 0.38056243717357 0.67934580677333 0.38335984719857 0.68243535623295 0.38344145645315 0.68647427087771 0.38838163857767 0.69743652190288 0.40183822854786 0.69764182106467 0.40141912857186 0.69665090624538 0.40969988087546 0.69331764310309 0.41422107007826 0.68595000231269 0.40288444978425 0.6821808576938 0.39675670013514 0.67750693079912 0.39236883929605 0.67481946394297 0.39168893005496 0.67231870474613 0.3887514672602 0.66675610506466 0.38570369136119 0.664585206006 0.38304752129052 0.6630838635394 0.37942096594263 0.65986364004139 0.37138468862503 0.65625437362796 0.36413334181803 0.65363758308858 0.36176432158332 0.65054724571141 0.36386981683312 0.6460339570777 0.36373317424836 0.64024686380962 0.36453702537185 0.63467889822378 0.3647207167844 0.62948912448445 0.36366602888183 0.62507580951748 0.36092200589081 0.62890722086833 0.35618725801378 0.63079521745444 0.35394453221628 0.63262559172979 0.35514856270289 0.63709889076986 0.35199402399464 
0 0.60954723875895 0.34611439470169 0.611194657833 0.34678961132969 0.61322184194715 0.34569576509603 0.6164097918319 0.34839792512648 0.62448998269152 0.34854609178467 0.62528410000142 0.34720130297278 0.6260966375582 0.35702157741045 0.62035880937436 0.35740222461088 0.61713621079856 0.35630436822789 0.61322718251001 0.35946985504804 0.60902218299063 0.35756873571246 0.60403769554683 0.35630554415378 0.5996220196527 0.35388538314559 0.6022349395444 0.34443599572372 
0 0.49146873014077 0.29398147207407 0.49573985659295 0.29250240610496 0.4993552629975 0.29278368757033 0.50281071238641 0.29053061362528 0.50693653281131 0.29086598768015 0.5111354044717 0.2896480812684 0.51481614764936 0.29085622749552 0.52396030456377 0.2901304460556 0.52658479614902 0.3001849649243 0.51712544834357 0.29907853628395 0.50746158856637 0.29989157142258 0.49692064164931 0.29720493361346 0.49250497785257 0.29987828346038 0.49020417881076 0.29483414948996 0.49278097596655 0.29437365692373 
0 0.52033262797745 0.35787365328759 0.52425628801789 0.36015718371238 0.52819680390795 0.35864764768771 0.5374739959387 0.3552266441799 0.54526136271693 0.35319005818541 0.54952249049672 0.35711800333086 0.55213462319838 0.34930915007431 0.55785561644614 0.3516110249425 0.56314221636971 0.35271980543456 0.56860641729649 0.35198485177294 0.57262077161208 0.34971907782861 0.57438660765269 0.3462889020991 0.58022975051521 0.34482311051637 0.58381980940055 0.34887735009903 0.59432770618812 0.34359085780916 0.59541700791002 0.34680913169894 0.59794310074058 0.34855350011758 0.59796230817749 0.3574211570172 0.59512795172822 0.35706979037066 0.59143571557601 0.35906627729337 0.58935627437277 0.35638304966924 0.58593153703531 0.35512961826548 0.57877683386287 0.35394394425335 0.57386233907442 0.35942281801369 0.5707711898998 0.35982416150923 0.56704124734479 0.35865857185626 0.56100437667596 0.36179241434857 0.55522497384787 0.35904957914618 0.54919573862408 0.36217483730055 0.54053128460661 0.36052123846332 0.53633705736744 0.37198416402243 0.53320821312512 0.36766523513431 0.52899171860945 0.36535242415563 0.52446616296915 0.36345812519003 0.52011582585829 0.36134228179267 0.51984755149349 0.35833414585381 0.52190700809236 0.35826581260957 
0 0.50929810292402 0.41823685698679 0.5038477565419 0.42248125421765 0.50066207717886 0.41655799807535 0.50398071293925 0.41138568818634 
0 0.49330603173487 0.42372607903336 0.49282095593365 0.41703460082583 0.49652091592951 0.41851132851905 0.49881636213705 0.41900168960208 0.500371525336 0.42046242470362 0.50323658219673 0.42562544477835 0.49330603173487 0.42450924567496 
0 0.47310122453018 0.43626850455793 0.4709256586337 0.42978939824361 0.47624383580851 0.42684958359714 0.48170110946296 0.42755702059367 0.48412188533455 0.42410850042077 0.48694238731041 0.42460802344958 0.49087755040762 0.4277247076211 0.49008499823908 0.43616855085742 0.48250750693744 0.43621112935737 0.47939259595878 0.43706202930865 0.47788355265676 0.43674970340061 0.47683880292298 0.4386490588474 0.47231403447273 0.43509257866963 
0 0.45578304326618 0.41353432935949 0.45599982705037 0.40993882900993 0.45600517994262 0.40771327172996 0.45108602939786 0.40536142001278 0.45527718659588 0.41465851450871 0.45552090897705 0.412749986792 
0 0.44266294657859 0.41823803291268 0.44445411076935 0.41399483248138 0.44208561338432 0.4104371863888 0.43850484334143 0.41464253244429 0.44235624931923 0.41935305624863 0.44292586805778 0.41667052370358 
0 0.40540287958909 0.3806084044872 0.4077298849797 0.37477581208125 0.40046294014788 0.37897199744982 0.40535831755352 0.38055666374811 0.40566501387822 0.3790408952781 
0 0.3956944646105 0.3782565527106 0.39311609552726 0.37936475668659 0.39011958462361 0.38130550472361 0.39522167143975 0.38501577471653 0.39906536295519 0.3783277076719 0.39516940884218 0.37864813603141 
0 0.42377038519968 0.4433240598877 0.4221837174165 0.4417071617913 0.42214294097256 0.43868127921593 0.42112667863406 0.43817022183778 0.4174736519301 0.43683695709932 0.41432489170028 0.44253971732021 0.417801122994 0.44752706389458 0.42028879355807 0.45399348019097 0.42508263102545 0.4534951228121 0.43431211176333 0.45501559494726 0.4385232635883 0.44265802528451 0.44603999192507 0.43436680724076 0.43945726456788 0.43195873617732 0.43477104355523 0.44013272450319 0.42848737779934 0.4425225586256 0.42562224221961 0.44408654001752 0.42245892656396 0.4429324765669 
0 0.42901858131273 0.42255015314506 0.43348571966189 0.41233195572475 0.43219882914484 0.42140410613118 0.42984575292817 0.42444951891976 0.42901858131273 0.42098146801007 
0 0.46522932395564 0.39550385771425 0.4618045663874 0.39556584001814 0.45923391860072 0.39909138333478 0.46543839303882 0.40102977952008 0.46963112461692 0.40553945518777 0.47019616962589 0.40282471275063 0.47205803150274 0.40217583686186 0.47468787598025 0.39865840743365 0.46417999960905 0.39550385771425 
0 0.47283909024105 0.38766395981698 0.47493773893422 0.38375143050948 0.47808035016616 0.37872622894538 0.48071099081559 0.38217473777041 0.48460772995767 0.38106091214502 0.48598302967231 0.38649604146342 0.48207470985479 0.3881152913707 0.47914274184086 0.39354358925846 0.4755081279994 0.39034084865067 0.47257616876186 0.38687961724948 
0 0.43426677742578 0.33513770223856 0.43248716909923 0.33874474975332 0.43164149858417 0.34297702451097 0.42484662387559 0.35269852117652 0.42713750432292 0.35402202573036 0.42902392652895 0.35944173849787 0.42643328411531 0.36564640562028 0.42535939946606 0.370134209067 0.42619650495675 0.37698302497358 0.42777016895612 0.38364346920489 0.42619035726972 0.38796594878666 0.42485277152868 0.39269270036785 0.4306237328423 0.39817145653561 0.4350616741171 0.39473105025113 0.43921126768114 0.38889728206666 0.43693581615854 0.38563596929045 0.43584807696463 0.37902820670586 0.4320966441216 0.37631581612044 0.43280157280024 0.36302867706647 0.43511236915552 0.3707221719963 0.43951953129985 0.36962315168886 0.4400338812704 0.36764571476506 0.44162589440238 0.36708185831586 0.44272213524869 0.3623723928448 0.443922914932 0.35755956349076 0.44342478107623 0.35548099694312 0.44428187358913 0.35242464804405 0.44678875898277 0.34530994382183 0.44665808543654 0.34110694961806 0.44193415802109 0.3432819420861 0.43982244202631 0.3359915545406 0.4405243006638 0.32658414767188 0.43772993346844 0.32606274214619 0.43610863686707 0.32258670530819 0.4317845232717 0.32888378828094 
0 0.47678809900048 0.33354950931007 0.47539824511783 0.32404744040973 0.48241761886016 0.32037949247162 0.48641118233374 0.32101061187993 0.48963142854667 0.31906809995412 0.4919860621798 0.31798695371973 0.49955741339914 0.30737716266061 0.49226283819701 0.30896419219936 0.48856902766473 0.31040658285751 0.48520040533696 0.31226748552872 0.48801248430817 0.30620123680202 0.4819640309355 0.30642864760169 0.47729316012859 0.31280547160903 0.47441347035596 0.31238637163303 0.47127312431628 0.31624599548609 0.46773541356845 0.31310403918452 0.47205111299354 0.30613291550963 0.47756223058578 0.30417439767383 0.48281655774619 0.30377353786696 0.48564319973309 0.30430646746607 0.48437708327667 0.30104738894899 0.48311096682024 0.30058748434569 0.47263456948626 0.29624608366837 0.46215203206998 0.30367370176156 0.45807312817132 0.2989699983272 0.45998034065253 0.29083835342247 0.45611822043202 0.28484853987657 0.45231373098045 0.27995762904552 0.44712395263418 0.28033145587597 0.44083870436481 0.28300773168449 0.43400385594659 0.28536759355055 0.42710515081238 0.28158887339656 0.42241278971744 0.29077755805558 0.4211066840071 0.29400959027791 0.41878589775588 0.29711766641816 0.41589848462513 0.30378106379245 0.4061908568366 0.3113172198424 0.40645833691201 0.3205592915354 0.40153997355729 0.32494890517293 0.40139544546639 0.33485466942052 0.4038346325168 0.34179369031947 0.40098642152287 0.3472219992679 0.39674992217868 0.34621257225453 0.39591660280491 0.35310162856084 0.39312223560955 0.35716798017985 0.39385716301641 0.35903864303569 0.39490648736299 0.36181488639524 0.39701205646119 0.36610453458095 0.40011468727526 0.36773179253791 0.40045758725563 0.37232635845593 0.40697032531245 0.3575583875649 0.4077006015103 0.3528558600564 0.40857005290679 0.35124931014839 0.40807884632335 0.34798682144632 0.41065028851208 0.3394492469352 0.41321636338454 0.33071823262034 0.41349156502167 0.32728064855793 0.41038736703289 0.32692634209673 0.40940574103125 0.32346982562799 0.41090784988037 0.31904162867956 0.41800405319303 0.31978294528356 0.42161253232524 0.3142759668952 0.42357972022913 0.31210954556805 0.42401944458411 0.30850487555899 0.426636221707 0.30920878477795 0.43016243948029 0.30193909352756 0.43374706675436 0.30097612784196 0.43458038612813 0.29318797088052 0.43761925454916 0.29038303493002 0.44082564498449 0.28771143523768 0.44682182096435 0.30450566930652 0.44240081228945 0.30533998870319 0.43983550938093 0.30016603251798 0.43479104600404 0.29594174052987 0.43614169884864 0.31047255229817 0.43715182898635 0.31356688360247 0.43683049013152 0.31615297975068 0.43791366362321 0.31850024535701 0.43907059682143 0.31988748509239 0.4389899177705 0.32191666275397 0.44010842816696 0.32523077460123 0.4423869497307 0.33163180941988 0.44322798356684 0.33624414341503 0.44917882537484 0.33742418501412 0.450272712864 0.33357136895535 0.44835778616565 0.33055172151877 0.44454022935946 0.32362538779214 0.44528050287079 0.31740238799127 0.44995216086775 0.31679609360274 0.45288184603056 0.32104965261843 0.45494278826792 0.32221628866274 0.45596597787875 0.32536918107479 0.46234269801495 0.33280773527847 0.46366957702441 0.33865632012875 0.46858794037913 0.33988163487341 0.47058897745463 0.34406628463378 0.47224712331784 0.34503842254108 0.47288442360418 0.34727773815359 0.47606010565374 0.35072167221564 0.47729316012859 0.35554190990259 0.48248829950053 0.36070610590317 0.48181871565457 0.36580021672259 0.48285575981006 0.36995499796616 0.4887927470734 0.37278921447053 0.49116124445844 0.38146049175177 0.49068232727337 0.39197608004936 0.48805247356207 0.39502503171578 0.48666875091404 0.39578973630162 0.48643810423303 0.39826564819688 0.48358603600791 0.40384094787763 0.48647651910686 0.40606650515759 0.48923783351794 0.40777065691186 0.49482813309144 0.39981597794663 0.50046299681836 0.39441519656551 0.5030136595234 0.39238601890393 0.50319738013286 0.38847006820224 0.50641226424629 0.38180268617662 0.51375910886692 0.3786493119573 0.51976222009341 0.37401335328932 0.52793466962544 0.36785926290098 0.52529868506564 0.36611489448234 0.52295554524889 0.36336109948356 0.51664573473468 0.36301033262308 0.51402817042176 0.36186309935544 0.5111354044717 0.3641643862607 0.50516000233453 0.36267731041993 0.50355177308777 0.36574047968897 0.50071978769597 0.36735972959625 0.4996035521945 0.37169018255036 0.49625027061331 0.37241597560301 0.49384949843674 0.36794769252554 0.49198763655988 0.36287416040866 0.49954513323456 0.35944173849787 0.50642534123241 0.35512961826548 0.51031129522137 0.35436363219228 0.51373297415767 0.35106386664049 0.51425724272269 0.34537944104007 0.5135492440029 0.34528183919381 0.50563815117495 0.34611439470169 0.50354563300548 0.34415694851748 0.50117178272819 0.34425112787285 0.49592279955768 0.34720306686157 0.48884502567927 0.3503386731635 0.48387894942089 0.34848753067691 
