0 0.54723872801976 0.40491054599373 0.54253657830359 0.4009234587928 0.53968495462372 0.39903090991479 0.53760783310144 0.39548479555718 0.53289959837808 0.39469010396483 0.53391072722131 0.40184209311057 0.53917062884059 0.40498863907509 0.54307153307603 0.41117142903406 0.5474989335169 0.41586478961915 0.54884574098214 0.40955688100757 0.54671753562759 0.40491054599373 
0 0.61474493031302 0.29955371405116 0.61008170410695 0.29368782214291 0.60695845682225 0.29195322627664 0.60910573816785 0.29599146355864 0.60958802840423 0.29748831554153 0.61138124690385 0.29793222805427 
0 0.58116468018028 0.29398180394686 0.57711577822604 0.29670808785356 0.57256397935617 0.2958192044936 0.56303147232582 0.29814871624923 0.55422168018505 0.30218520390817 0.55495728813947 0.30254974133586 0.55495275603183 0.30333925884859 0.55302598516502 0.3071454999645 0.5570894103664 0.30800851292636 0.55913823558044 0.3045444666216 0.56159463792324 0.30275764526235 0.56514140285326 0.30044940363369 0.57471814759341 0.29868551281001 0.57863583150173 0.30016978230395 0.58230777637045 0.29746597292499 0.58057863176329 0.29398180394686 
0 0.57608559389972 0.29692162198632 0.57491349706574 0.29662764018238 
0 0.59742141768426 0.29272545765974 0.60164659224464 0.29314408773799 0.60184194171203 0.29570208214587 0.59816538659588 0.29632673466711 0.5946483929247 0.2960408525017 0.59217823797939 0.29568597194342 
0 0.58377750762334 0.2959954759788 0.58373851586965 0.29403297109794 0.58706867731021 0.29280587673107 0.58992109209332 0.29550288008055 0.58992031069545 0.29745902072394 0.58688934649915 0.29719208524595 
0 0.56363205472838 0.31515709188327 0.56099022667112 0.31413850375468 0.55630183945365 0.31506242974479 0.55362040458182 0.31985220269418 0.54506776042251 0.31684007887199 0.54096159275767 0.3190368284483 0.54186583613281 0.32197100196301 0.54256861561624 0.32627560102038 0.54526389128778 0.32743024392439 0.5479598702174 0.32720174779285 0.55045127918476 0.32837649908142 0.5528390066925 0.33036782762794 0.55445594326635 0.32748998102545 0.55752739402841 0.32483556058831 0.560062316701 0.32544363253623 0.56319174732808 0.3242631056806 0.56534137292159 0.32310095039612 0.56725211477856 0.32073414810602 0.57331255851522 0.32224487540465 0.57493794422373 0.32655406057805 0.5766205282563 0.32532016018169 0.57702874115212 0.31696237529934 0.5733942145926 0.31520071878187 0.57178712411058 0.31720519053144 0.56947731194975 0.31715475698698 
0 0.57628094337204 0.31397256661524 0.57901121503827 0.30955485717606 0.58101206242311 0.30843630128332 0.58194145704919 0.30808600652792 0.58286483491167 0.30906908165549 0.58682066162641 0.30660868920405 0.58857802543509 0.30810787877359 0.59069256620996 0.30654154376173 0.59503909185949 0.30634516392165 0.59956260412648 0.30602707561782 0.60127495941787 0.30131925112834 0.60250738013777 0.29904042183443 0.60382059739738 0.29898644677659 0.60777798690786 0.30335819127629 0.61340116039671 0.30366945920244 0.61844211433293 0.30510891167092 0.62335938480557 0.30162650677669 0.62512361309633 0.3039737891582 0.62771129028123 0.30508880331604 0.62858043913156 0.31398292858796 0.62746328652026 0.32074850806036 0.62643690849573 0.31839089164499 0.62454217494158 0.31712594677092 0.6214158020654 0.31367166066181 0.61632758519959 0.31397139068803 0.6142130327832 0.31433429563117 0.61360643361704 0.31781504010197 0.61356290975571 0.31804411071781 0.61167348970707 0.31803717274742 0.60425482019351 0.31477985444197 0.60343373862796 0.31350973548829 0.60226242319187 0.31361309948794 0.59976639269086 0.31309345726441 0.59702158754821 0.31484758784789 0.59537556178213 0.31804411071781 0.59013621092682 0.31836161105806 0.59210884984857 0.32343855909124 0.59210041075158 0.32544480846342 0.59306113943222 0.32668035515783 0.59351520973424 0.32983266316556 0.59489257975894 0.33308138387179 0.59698798743897 0.33424239011336 0.59759770104363 0.34018811315162 0.59754347203149 0.34479645420116 0.59527335494079 0.34490840246927 0.5932771288626 0.34601540731823 0.5910985024032 0.34106253260719 0.5881636610749 0.33695313746272 0.58297165200044 0.33124458556073 0.58217118802285 0.32728325302613 0.58485646180165 0.32374747516303 0.58093040634574 0.31785290495736 0.57843438713095 0.31602351503397 0.57647629284437 0.3130906212034 
0 0.6102701887616 0.47477943744696 0.60933390634576 0.4726641893758 0.61164911009354 0.4706280714531 0.61492582391983 0.46748387734295 0.61845508553756 0.47354836902701 0.61524854123996 0.47518596522635 0.6147175032478 0.47951761060899 0.61313251580915 0.47813954153963 0.61058078292625 0.4783060431671 
0 0.60969030191408 0.48155020075014 0.61306461233428 0.48328422297873 0.61512648689273 0.48767219527359 0.60989174628486 0.48939822119732 0.60565735122961 0.48319014880384 
0 0.59249338677961 0.4553789902409 0.59835010905225 0.44663186610849 0.59932224614179 0.44869550072734 0.60113837107027 0.44968998234861 0.60183201795909 0.4555455117717 0.60034322059818 0.45944194650278 0.60145280557298 0.46042489392384 0.60184194171203 0.46267574626451 0.60053325656007 0.46738745131369 0.60085683341786 0.47265043102772 0.59936647326121 0.47536400060232 0.59910323152536 0.47943270866616 0.59542979079428 0.47594961234099 0.59276506777944 0.46875163453883 0.59218511428064 0.46070618582054 0.59075359338357 0.45730822662364 
0 0.60578331256619 0.455067732556 0.60636554350868 0.46124946418051 0.60757115089178 0.46620352782275 0.60965210303115 0.46649633369208 0.61184750701262 0.46189597887079 0.6137582592231 0.46122182989163 0.61540497709345 0.45045939150647 0.61338818919207 0.44148953652376 0.61104852769098 0.43890684764497 0.60906605461416 0.43544562356546 0.60443719845627 0.43593139908603 0.60609618427317 0.438282077531 0.60359626938894 0.43514363471163 0.59993806580281 0.43300651539609 0.59953744311507 0.42567072883116 0.59737868638363 0.4286242942273 0.59643091774478 0.43292608197656 0.59734508627439 0.43337974388794 0.59889794709861 0.43839237950106 0.60067062630554 0.44445569525793 0.59979233510013 0.44535598511159 0.60130394927883 0.44705567026635 
0 0.55889484033472 0.49859313949387 0.56046145473278 0.50300404248029 0.56025313406075 0.50889626986973 0.56241191223454 0.5115363439952 0.56475070391847 0.50947741308509 0.56281252464277 0.50064983619428 0.56119479663338 0.49631478972041 0.55889484033472 0.49829915768992 
0 0.56592742133858 0.44391252395975 0.56706669946121 0.43974738976143 0.56713233688391 0.43925820403967 0.56828152833194 0.43865755108152 0.56869591406043 0.44004019563816 0.57201754782597 0.43690177419998 0.57515306305723 0.43855430467458 0.57686621039114 0.4383142979359 0.57827795127746 0.44032501583138 0.58135619004488 0.43863803069023 0.58327538135235 0.43791460028535 0.58507166962687 0.43598996025989 0.58878790890286 0.43604852143376 0.58941818442446 0.44037781496204 0.58859709154311 0.44311666697114 0.58759744924856 0.44366335551995 0.58741508189694 0.44538243297949 0.5848427200453 0.44660999386283 0.58214064614404 0.44861505689569 0.57885024707714 0.44798347681617 0.57862513704 0.44361854215581 0.57467461314169 0.44242075326242 0.5733507012871 0.4450609449806 0.5719832549808 0.44861740875012 0.56772525118859 0.45088884011482 0.56765656631586 0.44872536927787 0.56654706986481 0.44797770434473 0.56573207186625 0.44361854215581 
0 0.5547925014158 0.46155143219656 0.5543987449423 0.46546045943386 0.55611031883582 0.46839451535585 0.55600881525256 0.47683731007458 0.55698485933145 0.48052820243271 0.55713285608795 0.48449001871534 0.55908940840916 0.48624707965532 0.55995471821436 0.48977368537546 0.56382130929239 0.48955085654608 0.56436540695783 0.48212898254563 0.56220201848726 0.47624359413751 0.56417387601115 0.46919495909918 0.55988681473949 0.45962445040206 0.5570894103664 0.45684889926063 0.55440180247114 0.46272735941235 
0 0.54990876460756 0.45273197807816 0.54868860187057 0.44508845117554 0.55397679009272 0.44072353755475 0.55582338953811 0.44324413747811 0.55713285608795 0.44156066952818 0.5635534461027 0.4413103252206 0.56374348206458 0.44885048793047 0.56023711540442 0.45179841979326 0.55752277362487 0.45182817075106 0.55556474684328 0.45428115486123 0.55479553878047 0.45308570728386 0.55225599570434 0.4530259598821 0.54932271619057 0.4530259598821 
0 0.54678317305029 0.46948318874473 0.54755846613179 0.47354836902701 0.5483696352602 0.47775489575706 0.54449694927879 0.47733685364241 0.5404983898265 0.46983231165014 0.54107145729813 0.46382980120493 
0 0.53603895207217 0.44913870768378 0.53997492166775 0.45239555561835 0.54128360681972 0.45680293071178 0.53991006564458 0.4603249401105 0.53592298301505 0.46014244632753 0.53272183036275 0.45631950704558 0.53017384818963 0.45420883533928 0.5307713831405 0.44792150545347 
0 0.50032968493747 0.44767456074439 0.49986498762443 0.44072928898662 0.49877142130595 0.43398265255325 0.50126674599751 0.42774470066989 0.50184286191191 0.42128287412902 0.50244414757255 0.41016201313753 0.49833188500432 0.41476353380938 0.49662718741204 0.42162847912901 0.49476675722437 0.42914912144759 0.49232949912936 0.43480026396462 0.49404412047458 0.44354505724503 0.49480567083827 0.45218071372145 0.49658296029263 0.45773544097034 0.49778475021604 0.45477610261385 0.50068069758053 0.45514240393231 0.5028829806161 0.4559152130513 0.50606577041847 0.4556017210912 0.5096118320904 0.45569708878599 0.51057029471723 0.4530385526037 0.51457949090646 0.45267107535805 0.51408728838841 0.45614840964001 0.51755708562827 0.45572236098791 0.52003169454144 0.45831645642593 0.52290700428213 0.45655491745668 0.52608604337472 0.45680175478459 0.52645689480362 0.45777565768011 0.53018681939427 0.45624601159645 0.52787317844223 0.45388839518108 0.52727642488923 0.45326937681577 0.52705443914079 0.44798123212638 0.52702387709779 0.44838423280119 0.52799984303689 0.44249424871155 0.52470868267705 0.44472898073597 0.52099242322209 0.44773428741106 0.51493127622734 0.4453686851252 0.5137691122266 0.44243568753768 0.51005825365023 0.44397109566455 0.50986134138212 0.4474391296799 0.50795667512306 0.44832107509174 0.50472887680341 0.44684082836946 
0 0.48290389559854 0.38482218136643 0.47841085773496 0.38100159384234 0.47317071732432 0.3818329743839 0.47097303581613 0.37901487698165 0.46958120993084 0.37571675400285 0.46392139667334 0.37713503978198 0.45980912631368 0.37431234416451 0.45833712900697 0.3724038143415 0.45578391905398 0.37152645506796 0.45180518979581 0.36871057982817 0.44812097698053 0.37165733576378 0.44308620335256 0.37251223482806 0.44089304668693 0.37483375027882 0.43895182712018 0.37688349673265 0.44325255569391 0.37864856348355 0.44754102348173 0.38041245430723 0.45279029808998 0.3804566813045 0.45689263690527 0.38545437184535 0.45497961864097 0.39070181744537 0.4531245019588 0.3923858746437 0.45121835999575 0.39588319968782 0.44945560454177 0.4007787021562 0.45125649968327 0.40687199258966 0.45047204689052 0.41333724042206 0.45403490861665 0.41254373606022 0.4555168296763 0.40921574453089 0.45726958323755 0.40798019783648 0.45921315415856 0.40567538055176 0.46117586932736 0.40415843448171 0.46179622109602 0.40015862411473 0.46336362708261 0.39658145352431 0.46496150758611 0.38927613520011 0.46788182584408 0.38833504067309 0.47039620790881 0.38977625703235 0.4746992177607 0.39128978105327 0.47610556958267 0.39306062166307 0.47841545982493 0.393936793216 0.47718530515885 0.39886782047882 0.47357595025949 0.40282740249979 0.47313180371042 0.41011156586125 0.47256028930861 0.41745298567732 0.47117299553096 0.41972453542202 0.46943391643243 0.41869665746867 0.46605577716266 0.42237954382276 0.46626941134021 0.42828669644932 0.46257918176134 0.42950048849079 0.46320336237956 0.43651818675188 0.46728663508682 0.43361058919158 0.4692393483629 0.43478651637766 0.47157822846612 0.43545938191353 0.47641312778414 0.42331087815413 0.47683969288114 0.41924099416311 0.47841616308301 0.41658480983519 0.48184548391323 0.41076608693302 0.48367075119678 0.40282281638376 0.48703599740169 0.39691331190283 0.49150840624801 0.39921354307152 0.48918484154303 0.40682602530334 0.49052252501939 0.41567534774947 0.48896503432232 0.42009307100214 0.48895972924076 0.42568565211505 0.48282754475572 0.42772977733399 0.48052610182135 0.43602558012347 0.48294741118891 0.43985993662929 0.48505195839628 0.43779865386481 0.48779754776538 0.43744492427292 0.49203647492827 0.43619551233202 0.49482481508608 0.43069828792253 0.495206293526 0.42303288896734 0.49810301356832 0.41674214889268 0.49892255232956 0.41221412366996 0.50054871076031 0.40892986521729 0.50190084163383 0.40164006882 0.49928956623327 0.38987103676355 0.49515292405151 0.38804905518143 0.49071865588961 0.38805480528263 0.48290389559854 0.38423421775854 
0 0.44950373865054 0.32707029261273 0.45047666458973 0.3295605536147 0.45281929546191 0.33072952944021 0.45324053954243 0.33509505491599 0.45691779791667 0.33595689195067 0.46079658651396 0.33930616776206 0.4623433558843 0.33917516947353 0.4622456811506 0.3368159067601 0.46140474076336 0.33485387225012 0.46118040143501 0.33341959386126 0.46004800733599 0.33308715924576 0.45696593202544 0.32862344379674 0.45383042433068 0.32479310961689 0.45165867769526 0.32079966089296 0.44817520599268 0.31861772799918 0.44481988354071 0.3151996604474 0.44251155609419 0.31820838774571 0.44538991328657 0.32187328241385 
0 0.48279019393755 0.27567451346157 0.48197597735745 0.27687113696612 0.48094046890069 0.27590074707691 0.47894423176328 0.27465886515095 0.47708692716708 0.2728162899899 0.47391781987138 0.2739703597835 0.47317071732432 0.28187741177543 0.47388350846095 0.28227369923713 0.47040152936945 0.28927691915649 0.46786580718776 0.28992463428793 0.46531712175655 0.29250332501429 0.46142075941969 0.2981630625609 0.45907204137223 0.29953242976909 0.4569949218864 0.30291145653829 0.45301620773002 0.30515193656962 0.44911835322126 0.30634398799446 0.44538303698532 0.30677343660282 0.44734497075625 0.3104459608951 0.45092002228915 0.30928498188685 0.45535883860219 0.30926885775209 0.45847989039774 0.30566124467023 0.46203579768283 0.30313088455122 0.46566124937831 0.30014849802188 0.46918519749054 0.29568020990021 0.47630091905007 0.29165924448012 0.47808501481512 0.28839497374465 0.47785457243415 0.28520657923194 0.47857720918393 0.28520599126835 0.48169898005321 0.28902775462311 0.48364105807774 0.29014570859892 0.48543733550032 0.29240278323988 0.49185565946125 0.29422464722928 0.49208148344556 0.28897836568129 0.49365193688384 0.28488096499411 0.49501556288297 0.28016465916135 0.49539632948788 0.27751999885305 0.49692552511865 0.27567451346157 0.49576336066305 0.2725004508009 0.49292468988662 0.27465886515095 0.48715805174892 0.28019219052505 
0 0.50810857886891 0.27161732948415 0.51080455779852 0.27335193967634 0.51627434288557 0.26786859120764 0.51748605656193 0.27075031836985 0.51806218121117 0.27223292736606 0.51948690394677 0.2725068008077 0.52177844059211 0.27399104127847 0.52350758668468 0.27197681042494 0.52257967671456 0.27098573899251 0.52858057793356 0.26786741528046 0.52437212528759 0.2631780528478 0.51871160098057 0.26372862195633 0.51630403600462 0.26282833210266 0.51488931516174 0.26246261874779 0.51356382995558 0.26362819777463 0.51098154441598 0.26338701510877 0.50834284195021 0.26612586711787 0.50282954177615 0.2666271648773 0.50168720745629 0.27452786686242 0.50415501820799 0.27540357983789 
0 0.51560429421241 0.32136575224034 0.5190435479795 0.3151996604474 0.52177765919422 0.31514731790381 0.5237327167133 0.31187743096129 0.52612339419288 0.30962600077082 0.52779003770891 0.30624297584918 0.53076911708668 0.30145648183096 0.5246644462306 0.29522430293016 0.52215998791881 0.29575887942896 0.5204117756837 0.29337092409218 0.51606977292332 0.29198944483397 0.51241236205497 0.28802069058095 0.50829932700138 0.28575031343634 0.49989468074347 0.28494070209517 0.49270566406378 0.28573539368752 0.49370077425069 0.28772835508249 0.49422040383396 0.29123203013342 0.49795040656439 0.29341396302719 0.50107217792307 0.29016805121545 0.50536986631432 0.29068828140257 0.50868540677623 0.29075495647403 0.51217349773662 0.29432517469387 0.51223913515932 0.29481436041563 0.51590724216644 0.29663917852046 0.51957918703517 0.29781969182256 0.51904885230108 0.30868890439623 0.51513193920025 0.31162766402696 0.51142108071762 0.31124689880411 0.5086358661513 0.31543449310646 0.5067029311135 0.31950883194717 0.50258073592015 0.32741530964913 0.50107139652518 0.33131514119367 0.49834563760682 0.33131749304811 0.49716440707859 0.33895984402351 0.49303228837326 0.34038672725335 0.49114217354562 0.34076855081067 0.49108949885013 0.34179172505528 0.49302846805043 0.35163846894065 0.49422884293095 0.35396210106035 0.49594424567403 0.35666544006843 0.49966963815703 0.35919462426025 0.50067686001092 0.35518976904262 0.50304394857723 0.3524520929607 0.50086611457493 0.3475014395073 0.50186270941779 0.341068882614 0.50293025518721 0.34009333342043 0.5032400794425 0.33771396235211 0.50616039770047 0.33663845934772 0.50982702906368 0.33303142029714 0.50982241881625 0.33159537801749 0.50948055724831 0.33286432104399 0.50610007378494 0.32896847427651 0.50715848608297 0.32577606715173 0.51084800352007 0.32839203476989 0.5118010745016 0.32548149739162 0.514288741823 0.32518575170432 
0 0.64974069343974 0.27176667223678 0.65226726531123 0.26715655230031 0.65369120664897 0.26038804800611 0.65324863546987 0.25746257635257 0.65320892788386 0.25552994002225 0.65241377741178 0.25498383943703 0.65133865208303 0.24834914066045 0.64851296110706 0.24525315956493 0.64641062254045 0.24106625516364 0.64172301660243 0.24025546902409 0.63797706107239 0.23729448436954 0.63000204826266 0.23401069186891 0.62570435987141 0.23252468851735 0.62221173393535 0.23583139576461 0.61987363523 0.24169668538335 0.62373631931868 0.24371786903079 0.62687113129186 0.24282204770043 0.62961594758832 0.24488566676051 0.63622266657561 0.2439991508137 0.63960846354449 0.25012737775124 0.64175199418032 0.25247980472007 0.64598710488444 0.25665189215049 0.64599170274108 0.2636551265072 0.64247541232797 0.26747982967992 0.64194812504558 0.26755908717227 0.64696766868018 0.27394282826262 0.64970030765448 0.27178617774887 
0 0.65583700333861 0.27862126939717 0.65933954114921 0.28129638615278 0.66238121049633 0.28066420769755 0.6630596201267 0.2793482275836 0.6643980765375 0.27841571732504 0.66634539816828 0.27632680027169 0.66481542113964 0.27392449862324 0.66707952146675 0.27128665875942 0.66633705011595 0.26609717449453 0.66729925054767 0.25852537934335 0.66884680902837 0.25807182422768 0.66695129407635 0.25218007624726 0.65963639419986 0.24467436820394 0.65696635767952 0.24017397727009 0.65324863546987 0.23695628771082 0.64582535552135 0.23106969790223 0.63698734253078 0.22820103943957 0.63253165559887 0.22579297574792 0.62433307287168 0.22340431485483 0.62081600106071 0.22284516147785 0.61476016757148 0.2201923711562 0.61183376593813 0.21872246213646 0.60775204449859 0.21991333981751 0.60182975190527 0.22045250243233 0.59850654490574 0.21878221545722 0.59699180513556 0.22342734692683 0.59656828749025 0.23170130430166 0.6016809737509 0.23465605654213 0.60499731580448 0.2308193589121 0.61436415513117 0.230725151228 0.62531366092675 0.23087157007916 0.63393879688241 0.23430927561495 0.64230984641731 0.23753729758906 0.64836333586585 0.23871440073206 0.65184304440784 0.2428869588811 0.6559934391921 0.24545294959385 0.65966085195318 0.24934879636133 0.6581629122372 0.25288292792638 0.65888398619125 0.25664036806407 0.65751200781184 0.26395204812168 0.65575839471293 0.26865399297523 0.65537152462771 0.27293566145247 
0 0.55982735036162 0.28421386150145 0.56201049786943 0.28249583188259 0.56496058738624 0.2836912648815 0.56924758097029 0.28104085717525 0.57159255603614 0.282588847723 0.57650989295361 0.28481840566781 0.57861059235054 0.28516117390123 0.58112114556571 0.28361096363315 0.58565771804386 0.28310447720082 0.59132285274142 0.283890599118 0.59674910295727 0.2854563316324 0.60083393846028 0.28702266668383 0.60536127957683 0.28929645398513 0.61421234111321 0.29087725290138 0.62173711286937 0.2843550903565 0.62453304443532 0.27987185328462 0.62582265163046 0.27782316761597 0.62722744872038 0.2765771551696 0.62667726648041 0.27219788473592 0.63255150310476 0.27024972616674 0.63801137662817 0.26868444948935 0.64173753831973 0.27457208172462 0.63999994387715 0.27721909382048 0.63899272202326 0.28165645505716 0.6333565894015 0.28403864835072 0.63116499072498 0.28788804599436 0.62874750199608 0.28984420086841 0.62237348329435 0.29347134827387 0.61765532481805 0.29662024609276 0.61453583983939 0.29062513411268 0.60856852713251 0.28462719990736 0.60906072965056 0.28133483897177 0.61085317822359 0.28283802669374 0.61354384364769 0.27856553044855 0.6194051090674 0.27635725678581 0.62158825657521 0.27385147354499 0.62459101230843 0.27187579827965 0.6262904082884 0.26993963416777 0.62839571667519 0.26781742339559 0.62741896933822 0.26257574294309 0.62409802839251 0.26311371453244 0.62004991858937 0.26665468157345 0.61675492005294 0.26603637905901 0.61463351457555 0.26706237552887 0.61369193011892 0.26780250409978 0.61298983255816 0.26681378452173 0.60851742371184 0.26978405900105 0.60033407824311 0.27300633467635 0.59934209364768 0.27810561060651 0.59482920839172 0.27663687751399 0.58994625310472 0.27549024567151 0.5862048419654 0.27633373824208 0.58116998293256 0.27552646422884 0.57842978756767 0.27583643863509 0.5763251598616 0.27748097280482 0.57516228355209 0.27421848041976 0.57232127717788 0.27392555695771 0.56866691376122 0.27189872885978 0.56650884912502 0.27251420914897 0.56550694077665 0.27513770270112 0.563787709184 0.2739767097903 0.56104368453034 0.27546672712779 0.55635451579655 0.27484136905023 0.55244908914573 0.27632797619887 0.55358680447258 0.28285354893259 0.55563875532993 0.28464331010981 
0 0.60407166053288 0.23619028874181 0.59717418339832 0.23637573245905 0.59660110620077 0.23459865547681 0.59557247404526 0.23319872998042 0.59636684311947 0.22602144236485 0.59770225207858 0.2153657942035 0.59463846917175 0.2069643659058 0.5903514079001 0.20550070585403 0.5883964285702 0.20370871041516 0.58553026118459 0.20337686376325 0.58253672594623 0.19885577651092 0.5770974153761 0.19533481533036 0.5725463979041 0.19142638614198 0.56711857388265 0.18903029993783 0.56377325332341 0.18816095393895 0.5616404278384 0.18512870809692 0.55713669508375 0.182562700251 0.5524811264592 0.18517174703193 0.54368578015038 0.18252591086325 0.54358966821242 0.18149591624096 0.54150873729739 0.18168770996501 0.53975059204643 0.18077813028658 0.53618084431201 0.17940935104198 0.53144745807453 0.18145393564042 0.52720469256481 0.18205624554513 0.52352743419057 0.18228366986292 0.52060634375814 0.18049790683814 0.51907784216205 0.18463493627149 0.51435516064359 0.18903029993783 0.50971028822197 0.19120354794022 0.50746072189524 0.19224342035087 0.50712644876951 0.19433633555666 0.50604287546089 0.19573557131537 0.50424503524256 0.19867315501892 0.50169173956393 0.19819490543234 0.5004853481082 0.2013775357036 0.49901029463468 0.20142870519407 0.49829297139041 0.20279687985305 0.49364349778685 0.20401645055976 0.49208532079803 0.20608124456675 0.49272934041923 0.20923462744799 0.49188160187052 0.21284047420309 0.49244702136895 0.21603301528888 0.49191895268869 0.21612026908609 0.49191973408656 0.21809029990093 0.49482551834416 0.2187517589431 0.49775123689347 0.21607780182816 0.50029381877525 0.21689885047599 0.49972300763153 0.21346008660574 0.50160781743274 0.21224570660067 0.50415275215417 0.20773026379884 0.50609249422561 0.20786808246505 0.50864649316232 0.20814489572465 0.51122956908632 0.20203840679887 0.51378363717629 0.20056849777913 0.51532119376426 0.19848828253441 0.51982954691258 0.19839410749767 0.52134420854297 0.19514078734465 0.52291083313169 0.19315182410212 0.52763970615989 0.18932545766899 0.5313841648455 0.19309490922631 0.53447693769142 0.18960393418899 0.53876852149691 0.19049328791982 0.54034655449452 0.19227905094461 0.54248548465904 0.19108817256546 0.54657788994526 0.1919701179773 0.55064131514664 0.19440183470092 0.55498785088813 0.19521087260494 0.56354430374763 0.19376213031169 0.56715217399104 0.19638785812549 0.57077684428866 0.19848888722886 0.57123614995639 0.19985649054628 0.58233677701426 0.20550188178121 0.5850281349136 0.20844687382603 0.58645363904707 0.2096176269325 0.58701522969594 0.21138904364561 0.59031710453363 0.21691496067844 0.5888092410647 0.21729678423576 0.59010722106586 0.22027387909276 0.59211338195621 0.22112548556092 0.59226528570206 0.22808568098262 0.58897944047135 0.22400615438867 0.5887535273966 0.2178916857992 0.58429027173755 0.21400959737979 0.58022222545654 0.21132178061057 0.57956828429241 0.20935751183894 0.57642744484272 0.20553633644777 0.57476697436987 0.20456772522459 0.57331177711735 0.20231923485209 0.56596024004993 0.20309321351143 0.56589920250717 0.20230194872245 0.5622203813372 0.20226525979424 0.55807451866058 0.2008481499423 0.55557389930512 0.20078839616849 0.5537768303779 0.19908425916318 0.5495523590756 0.19868056336019 0.54487389561107 0.19969291907469 0.54190021763994 0.19932083900318 0.53890581310259 0.20073900722542 0.53501867126059 0.19938517893009 0.53075919333373 0.20078722024127 0.52172576512269 0.2021790643315 0.51939071386902 0.20312650886533 0.51723655622217 0.20388556986394 0.51240626715159 0.2066841589741 0.50809560766427 0.21049097162595 0.50809787371809 0.21343880232367 0.506184777314 0.21553983142704 0.50657547624879 0.21926622708701 0.51139513830835 0.22023660220096 0.51438876075283 0.22200682685015 0.51569821823633 0.2180540813436 0.51888632154421 0.2149449298636 0.52177922199 0.2135122977728 0.52416685206725 0.21020041644592 0.52607916707347 0.20932082291073 0.52763736196622 0.20665664227794 0.53036919765703 0.20519237774584 0.54245570362409 0.20554445034535 0.54251524614175 0.2075069552262 0.5466214236872 0.20985244314778 0.54831165553828 0.21014585342448 0.55404470363572 0.20936560928044 0.56123903400267 0.20960902621411 0.56515593685363 0.21158083736966 0.56871575112807 0.21319538539615 0.57651980607091 0.21307132507802 0.57979723387398 0.21695857131278 0.58308839284216 0.22024293602647 0.58158513962066 0.22200049298009 0.58502360280595 0.22585210884578 0.58549134757068 0.23366614519469 0.58512510638921 0.23880049431675 0.58140354275577 0.23841806707368 0.57475174770265 0.23552365562002 0.57432744864875 0.2375660059568 0.57037161135349 0.2367282596646 0.56539402878449 0.23701590721915 0.5629872452064 0.23577223083816 0.56140538335923 0.23371671006497 0.55865064330982 0.23924264293872 0.55556857569284 0.23754530963833 0.5514715603862 0.23614783777039 0.54775913901405 0.23960953222077 0.54368656154825 0.24219739517918 0.53994516012087 0.23902039270055 0.53760096645291 0.23724449171233 0.53490575926844 0.23695628771082 0.53369935909759 0.23436325067279 0.53095454280113 0.23428857929648 0.52591507352086 0.2336643971461 0.52020649324486 0.23018775249039 0.517104578122 0.23129819646227 0.51361649617199 0.23062591888999 0.51167292525099 0.22688964544165 0.50791393265959 0.22459517631617 0.50437857613847 0.225359999358 0.50283640930307 0.2271509364624 0.49970395021888 0.22519006182329 0.49621742236924 0.22984839583455 0.49615866124945 0.22670361376082 0.49050798255559 0.22777735287443 0.4878417748848 0.22641715789829 0.48561971376308 0.22901300120182 0.49403881552132 0.2334215523338 0.49598769139558 0.23135793356333 0.49795040656439 0.23343650245744 0.499860377377 0.23497191058431 0.50185357581239 0.23393145021006 0.51122878768843 0.23495803464351 0.51637272999381 0.23717677405821 0.51987299263413 0.23988281769882 0.52174484048287 0.24781174193641 0.52314510550053 0.25163350529117 0.5232840287542 0.25377745573683 0.52451411460261 0.25455662509033 0.52899643787975 0.25906113176933 0.52982206286875 0.26600239476333 0.53287365596881 0.26691479666701 0.53467610643457 0.271051223239 0.53642965101683 0.27510042580932 0.53978488570587 0.27599777584502 0.5432363200958 0.26806779327296 0.54323256938602 0.26727884873076 0.5403374218613 0.26463361551873 0.53856934317995 0.264597984925 0.53720572575775 0.262732494037 0.53423352268124 0.26076763730177 0.53255695541227 0.25718294086772 0.53263025053244 0.25517738175309 0.52933908084556 0.2456883702165 0.53383211859563 0.2464372006486 0.53877306328689 0.24545471348463 0.53994516012087 0.24782783665442 0.53998562681856 0.24953200581693 0.54102036361657 0.25055294579988 0.54312567415746 0.25574231247206 0.54640316938162 0.26015897739026 0.54971263373734 0.26465595813527 0.5495523590756 0.27075606550784 0.55186147793297 0.27186886030925 0.5526726370484 0.27451928259396 0.56028673416914 0.2725068008077 0.55925653921789 0.26985343870503 0.55733734791042 0.26802534230155 0.55537933123068 0.26311606638687 0.55420645299881 0.25782321798861 0.55169667110929 0.25278015189032 0.55163259648399 0.25169898904879 0.55029031122363 0.24628384422009 0.55556857569284 0.24752411014669 0.56147711568366 0.24635675170747 0.56634788116389 0.2440491277191 0.57159715577214 0.24576996402679 0.57647785564015 0.24900201543416 0.58008719990468 0.25230531249258 0.57667772658035 0.25163350529117 0.57587116769937 0.25777147719111 0.57468454748417 0.25924833937736 0.57338124338796 0.25933618113816 0.57338046199009 0.26071766039637 0.57944926668396 0.26099035791082 0.57766822651983 0.27135780235418 0.58021691195103 0.2684553788735 0.5860514535636 0.2672736896442 0.58874360364366 0.27396869866137 0.59308559718554 0.27075841736227 0.59734812256409 0.26904273955444 0.5959868493355 0.26692114667382 0.59988844703809 0.26228975745144 0.5924941681775 0.26229610745824 0.59055214901279 0.25955149340593 0.59465292503234 0.25960664439096 0.58971120862555 0.25487530135776 0.58604309260639 0.25458824221798 0.5841773489132 0.25079577476381 0.58392472298197 0.24905375623035 0.58804464324932 0.25224557539153 0.59230419931596 0.25480180590863 0.59405852675192 0.25636708258602 0.59543432290192 0.25755275472898 0.59625010227776 0.25952621097143 0.60047449544027 0.26168803551032 0.6023112492725 0.26663574914576 0.60560320035725 0.26872807638795 0.60688977194951 0.26522215203034 0.60891343615214 0.25721280941825 0.60569626484352 0.25567693092051 0.60149320384284 0.25464858259628 0.59835699654106 0.25141642913262 0.59442022474678 0.2478266607272 0.58960743898847 0.24480701279053 0.58779819036125 0.24401984713217 0.58956930677244 0.24253381232894 0.59527257354292 0.24366848008897 0.59859960939201 0.24628327177994 0.6005042779409 0.24665073351141 0.60220974568925 0.24784102252334 0.60538801474914 0.24543754494771 0.6062030127477 0.24748211405297 0.60949721850051 0.25048803461921 0.60874481049189 0.24454347194072 0.61036714874871 0.24298514880114 0.61239768925259 0.24333545750987 0.61785067428545 0.24071255192132 0.61242972656525 0.23487654288952 
0 0.49250883845404 0.19838658156367 0.49597706438456 0.19910954159768 0.49808316606243 0.19535668757602 0.50087142808045 0.19196954690923 0.49830290380333 0.18641952336908 0.49693927772115 0.18928008384194 0.492275348257 0.19166815677144 0.49089946288825 0.1960928179945 
0 0.49874704169242 0.15135067004762 0.4976351906638 0.14883630253834 0.5004853481082 0.14986523882616 0.50356670375198 0.150284456868 0.50697000403314 0.15792680765034 0.50796206676836 0.16309336133511 0.50904641259197 0.16439099698495 0.51028642183391 0.16751849292905 0.51562336941795 0.16807317778272 0.51744643968994 0.16084310707182 0.51533190800524 0.15904415593525 0.51243142816299 0.15781709364388 0.51247417062645 0.15585576469022 0.51689392238599 0.15522121655672 0.52135796114547 0.15693973437034 0.51723124271666 0.15087818250425 0.51381411169321 0.14993189594011 0.51254434015514 0.14995884263017 0.5117813051355 0.14815367680682 0.50850459130921 0.14818178146657 0.50610773148406 0.14647645186131 0.50346902901828 0.14459826095971 0.50032359874511 0.14364176178655 0.50025639852663 0.14291021748409 0.49482021341064 0.14199321130633 0.47749208196245 0.13632032153329 0.47092115896585 0.13484065235504 0.46629919045053 0.13405570259977 0.46430216406376 0.13267424170013 0.45118327523141 0.13327196548881 0.44461539902196 0.13289872619995 0.43918530164297 0.12941116135147 0.44409420662978 0.13797567423313 0.45169219966386 0.13803364744341 0.45632260715941 0.13797567423313 0.4589468537646 0.13835808575405 0.46049136479361 0.14072663829225 0.46493861262853 0.13835984964483 0.47087770527605 0.13920957462949 0.48051312240581 0.14627548590521 0.47930367478328 0.14353145981649 0.48525339444182 0.14423713372086 0.49149849098315 0.14510931891478 0.49389534232021 0.15357622984 0.49927354757695 0.15703567225068 
