0 0.34381507129993 0.4303893609782 0.33176098858717 0.45041000256465 0.32423354849016 0.46319938664047 0.31691903931262 0.47381259986572 0.33177013094225 0.48673391352265 0.33280837429155 0.48693382114933 0.33978789820241 0.49440273211585 0.3469406628572 0.50153295753334 
0 0.28911721904767 0.23577340676538 0.2859638064297 0.24522270305081 0.29302577129004 0.24635675170747 0.30905200370149 0.24691427430799 0.31959017393529 0.23459512769516 0.31298111058744 0.21705901175874 0.32545222090096 0.21815003700198 0.34890329504998 0.21605770975979 0.35269393425509 0.20464345493537 0.3480272698984 0.1953325810687 0.3098242631146 0.21931042574435 
0 0.28833582115835 0.23871322480485 0.29575910110687 0.22989377068644 
0 0.36530351325618 0.28339845900477 0.357489534363 0.27928271374951 
0 0.34459646918925 0.27516696849426 0.36335001853288 0.25635213304166 
0 0.37116399742606 0.27751882292583 0.38321650713762 0.25939415434843 0.37116399742606 0.2557337282036 0.35985396107382 0.2522363877864 0.34650034032145 0.2512102890969 0.33951738290868 0.26928733241532 
0 0.40124781616481 0.26928733241532 0.39343383727163 0.28281049539688 
0 0.38718265415708 0.29221791312317 0.39694246397485 0.27944688787451 0.40867109611333 0.28810216786792 
0 0.39929432144151 0.29986144002579 0.41492227922787 0.27987067735741 
0 0.41296878450458 0.30926885775209 0.41856139883247 0.30320496796394 0.42595952441449 0.30575261421258 0.43287309151273 0.30750731878284 0.42930179068961 0.31388756089317 0.42273625812105 0.31985220269418 
0 0.47313642198207 0.34454667422572 0.490758342433 0.32718623903328 0.49814115444024 0.31645931364913 0.50782008677546 0.31194516436721 0.50205954354114 0.29925796836386 0.49550393656379 0.28736956521248 0.483734122564 0.27406630062028 0.47352712092672 0.27118211883258 0.46962013148013 0.26928733241532 
0 0.42664324756764 0.34513463783361 0.42670200183773 0.3467981174573 0.43795444371881 0.35575985854243 0.44578749585593 0.36218558246253 0.45527108004632 0.36469878664014 0.46297824942093 0.35748187359938 
0 0.32428012406698 0.26634751437585 0.31965846396378 0.26880157183708 0.32507144142571 0.27632621230809 0.33258286286639 0.28325089472877 0.34826762788308 0.29458471613365 0.35993178830163 0.30146400776495 0.37038259953674 0.30691935517495 0.37897797631924 0.31504808343312 0.38756420488396 0.32171829521072 0.39997038071946 0.33233209639957 0.40517464681043 0.33805098308364 0.40945249400265 0.34337074700993 
0 0.77931468254511 0.33749111093099 0.77592888549069 0.33238607145741 0.77041556086891 0.33127611378647 0.75895401691793 0.32801538529219 0.75089280393622 0.33121931650338 0.75451137933045 0.33287584513042 0.75487004095258 0.33782414672945 0.76759371420534 0.33827487961987 0.77594793592531 0.34447954182451 0.781098754402 0.33872620047389 0.77905447704796 0.33592302524771 
0 0.79598424371793 0.28230980020175 0.79911747671532 0.28497574472531 0.80303509307424 0.28576526223805 0.79917469130001 0.2908565565829 0.79644814345306 0.29202213560975 0.79369035595195 0.2952232445957 0.78712866143829 0.29819692926386 0.78420527977229 0.30025362591231 0.78069656891852 0.30071588288916 0.77800520023634 0.30339664409527 0.77482242607941 0.30249012182752 0.77644851508709 0.3100416910311 0.7832216719917 0.31083697058704 0.79233824116637 0.30739761875319 0.79520284582861 0.30848511621488 0.79854893162542 0.30734999370216 0.7905014712462 0.31083697058704 0.78481039428249 0.31790170593558 0.79367972894093 0.31867627547839 0.80146010752832 0.31985220269418 0.80712602348063 0.323019929013 0.80685206538756 0.33250260584155 0.80953507311254 0.34220400512672 0.80333046146894 0.34533044273636 0.79356978626068 0.34652530235013 0.79596969353751 0.34855507026603 0.80040553296354 0.34964256772772 0.80653233382583 0.35190599237548 0.80974948868795 0.35244691888108 0.80853925966755 0.35966840532352 0.81087048207165 0.36408612857619 0.81865922161624 0.36100965524674 0.8222915664576 0.36100965524674 0.82645343094593 0.3645374368941 0.8301696199777 0.36304743209273 0.83348523037426 0.36336150967831 0.84240410565763 0.36550500231892 0.84834397970301 0.3665166524771 0.84286811707701 0.3618686826814 0.83807516146016 0.35619977290274 0.83401253479737 0.35591378741109 0.83062673774295 0.35470857963807 0.82385436223623 0.35112164894237 0.82045479578075 0.34737796715276 0.82076688608986 0.3426449778215 0.82147201952736 0.34252903140096 0.81711017847959 0.3362749802545 0.81845472979378 0.33250260584155 0.81811825987114 0.32811475113941 0.81755205897484 0.31872566442146 0.82094473224497 0.31155358061424 0.82828862198242 0.31048560354384 0.83165457144541 0.30728908067392 0.83511977560653 0.30929815227134 0.84200965601306 0.30966104340096 0.85088508557488 0.31240448152609 0.85739039684998 0.31558148400472 0.86052206550039 0.3172155524225 0.86292425670213 0.31906846088961 0.86708533876613 0.32692388967807 0.87003847573462 0.33305211661561 0.87411713819446 0.33710812466584 0.87824620081689 0.33840117419966 0.87938391611499 0.32652713184548 0.87827901952741 0.3242699396118 0.87797911902506 0.32110504918318 0.8741049483877 0.31858785944866 0.87073823559531 0.31512839925993 0.86713566078893 0.31351385123344 0.85563147020113 0.30493722630176 0.84833868370012 0.30573990017751 0.84260791157987 0.3015168068956 0.83609111412952 0.30143872533045 0.83009865200751 0.30055960216613 0.8220901052422 0.30143696143967 0.82332705806974 0.29466914770561 0.8295843529586 0.29713636053473 0.83681992392247 0.29596441723267 0.84391736077185 0.29711742810704 0.85021964714915 0.29907769872623 0.85378860377866 0.29902830978442 0.8579618935205 0.30278868974007 0.86571789249436 0.3037796295088 0.86905328930066 0.3046512408101 0.87254902894979 0.30770994501382 0.87648196070695 0.30868608217098 0.87771969493236 0.31113953665202 0.87932593639307 0.31235626851146 0.88263468753201 0.32166665838814 0.88448519396675 0.32566529481081 0.884321881812 0.3303764118964 0.88999459592578 0.32657757912177 0.89543007764636 0.32102812990997 0.89232435228773 0.31043562663843 0.8871468098731 0.30456514888894 0.88115661365359 0.30221329445737 0.86806286750097 0.29487469977774 0.86112866466654 0.29406789613537 0.85511105920684 0.28973977853428 0.85101323482549 0.28889628596371 0.84626077298272 0.28694812739453 0.84104589719912 0.28731725093824 0.83714342264048 0.28534898401417 0.82724094068854 0.28544423411625 0.82412064574609 0.28103744698641 0.8217062994385 0.2763894771907 0.8214963991409 0.27658056535844 0.82120564099363 0.27208934665664 0.81473779306156 0.27748955707328 0.81192505663643 0.28332039202547 0.80939850128385 0.2814399668622 0.80566621598068 0.28178038315585 0.79782856092945 0.27242413312652 0.79260679152621 0.27438205189135 0.78869223861481 0.2786436120137 
0 0.332055575584 0.70601565055258 0.33782635513041 0.70712501637832 0.34404667287119 0.70185863035707 0.34672741454235 0.69418064898099 0.34798077672516 0.68946318188859 0.34663583471204 0.68563212870906 0.34251286699299 0.68596515128815 0.33893172055672 0.68272452665073 0.33225663372114 0.67747989126831 0.3217966810941 0.69035535784467 0.31671947029673 0.69419099293187 0.31496976821576 0.69887165771171 0.31299751994312 0.70438616825083 0.31209140699479 0.71213987933769 0.31927354737323 0.70993619179098 0.32401991856984 0.71341340848022 0.32631222310282 0.70867983118537 
0 0.34016867338426 0.74828129300366 0.3402079776971 0.74716392696322 0.34337818699377 0.74681938028899 0.34464834923077 0.74355006744366 0.34872552703465 0.74442848507385 0.35963305989609 0.74400820868693 0.36490632341894 0.74240165692472 0.36884042727291 0.73958237448655 0.37172370727186 0.73769794806157 0.37584097078646 0.73615231247747 0.37943509408449 0.73220989574549 0.38348358892944 0.7288061777533 0.38553514903602 0.72398075708941 0.38981525586664 0.72280130209198 0.39329646151539 0.71887511988869 0.39695012777356 0.71801151896323 0.3998147324358 0.71851105283188 0.40293273818282 0.71967545593154 0.40578741901975 0.71692401786747 0.4104375958814 0.7165312581774 0.4136273401248 0.71616954661896 0.41519544936947 0.71573080818583 0.41672620779598 0.7176245213263 0.42214559272044 0.70988680284916 0.4265913558994 0.7071238404511 0.43029003151709 0.70870864140143 0.43476477761519 0.70283006380549 0.44224447430237 0.69810800648766 0.45381056928829 0.68574007882474 0.46374205807084 0.6736317917751 0.463720725909 0.67033825491232 0.46957511502746 0.66755342415025 0.46991924264922 0.65936908852784 0.47451151792873 0.65390396693053 0.48005225394234 0.65039688169076 0.48729315544057 0.64171983257739 0.4841942877694 0.63498000591037 0.48635227426581 0.63077700696188 0.48546476256555 0.62644312731757 0.48367153259465 0.62208502357324 0.48370513270304 0.61853771550418 0.48230486772076 0.61541069605048 0.47999349282255 0.60017996954364 0.47455496365028 0.59582304172649 0.4683580097058 0.59546932282892 0.46962013148013 0.60442541298752 0.46982234931339 0.61335399940202 0.46831292304873 0.61696785267111 0.46962543705026 0.62235947895549 0.46732859615242 0.6329611741173 0.46995737486526 0.63529585425637 0.46831221979065 0.63972628321883 0.46577111391878 0.64883971891095 0.46313694356064 0.65187596290542 0.4595275963417 0.64948624367786 0.45738483942332 0.64749374726573 0.45496970245331 0.65175765935018 0.45159757238186 0.65804958063234 0.45050870190319 0.66642923776035 0.4463872895273 0.67187354544647 0.4413875152588 0.67218704287005 0.4343938480465 0.67298409108101 0.43270516911056 0.67753622281104 0.4297116338722 0.67663699129185 0.42475460886916 0.68313563529301 0.41882926867446 0.68358460429265 0.4091854057954 0.69538291693604 0.40731739604838 0.69190334839243 0.40435355392907 0.68999364264223 0.40165226149394 0.68787956074709 0.39748506665548 0.68987651597714 0.39562924671523 0.69024058735131 0.3953346597184 0.69302189033183 0.39226782935988 0.6950028572695 0.38622652987102 0.70039330749049 0.38249957459228 0.70720992220277 0.37715575644135 0.71456981158147 0.36980490666333 0.71533699017121 0.36392801328623 0.72064359678384 0.35761470919897 0.72369359912638 0.3549358428827 0.72663694487314 0.35117349522364 0.72865224888464 0.34831458989504 0.73184018748611 0.34491699381833 0.73423672709134 0.34259874261886 0.73782542167782 0.33950323495853 0.740441386256 0.33882795091964 0.74273585842146 0.33774782464452 0.74722025387685 0.34173146912342 0.74749694955073 
0 0.38601055732311 0.45625975972552 0.38444776154447 0.44724510168929 0.38262554166658 0.4472531084409 0.3813138033252 0.44539161570533 0.37767577112402 0.44361854215581 0.37537088182812 0.44651132310664 0.37690773515801 0.4523288805469 0.37930381923909 0.45731975071006 0.38574995531037 0.45508383250973 
0 0.46727593781218 0.4523403943153 0.45756643628821 0.44847842456879 0.46124682025392 0.44052257159864 0.46361617487405 0.43722785880868 0.46648234225967 0.43428921677067 0.47190633743156 0.43028940716486 0.47581254538158 0.4200896608133 0.47999349282255 0.41268273065361 0.48505804497443 0.40158832802381 0.48812643812869 0.38837067126683 0.48841719627596 0.38999098133653 0.48911693806817 0.3900742369813 0.48919476529598 0.39191679728917 0.49640433273964 0.38688005399406 0.50069444146299 0.38109684394682 0.50453501199196 0.37756966246995 0.512023929174 0.37872665722834 0.50821305176407 0.38890689406368 0.50760950004961 0.39388682810401 0.5017733956413 0.40140229634298 0.49929948998622 0.40531366534932 0.49777638925883 0.41080971383162 0.49415554781078 0.41393556347766 0.49151301649544 0.41717853547144 0.48492380914243 0.42370704802312 0.48445980676548 0.42330511611092 0.48240480850828 0.43159740184901 0.48434306592377 0.433155740556 0.48239488475533 0.43729910929816 0.47821550826263 0.44253223115966 0.47742644454141 0.44649063725344 0.47536160067105 0.44921337906009 0.46649453992286 0.45273197807816 
0 0.52588077951103 0.29946985626294 0.52014390327551 0.29792246785863 0.51469169964053 0.2959329166525 0.51175841017792 0.29485223956849 0.50947142383535 0.29319863642114 0.50554457803946 0.29771397596853 0.51161260133546 0.30105690177313 0.51460848076742 0.30152139301163 0.51755935168209 0.30495790857902 0.5238028769396 0.30367463328206 0.52974884588837 0.30528918130855 0.53000983277681 0.30031218708618 0.52535958711886 0.29790234528429 
0 0.54932271619057 0.30103796934543 0.55238267032514 0.3034954219789 0.55615227990142 0.30495790857902 0.56041410202188 0.30583810411901 0.56364730229755 0.30338982371759 0.57016633813315 0.29896916064696 0.57772698763962 0.30018412861562 0.58421704392498 0.30180161646007 0.58944186077991 0.3056635965246 0.60135817829098 0.30692677750789 0.60355203094961 0.31318939908953 0.60901415833753 0.31689170207545 0.61236104169251 0.31749342401657 0.6141069970923 0.31985280432273 0.61908231360747 0.32148005236282 0.61942644122924 0.32401793841582 0.62250092928688 0.32230226065133 0.62694053133231 0.32141971367282 0.62947553039116 0.31671835666411 0.63241031655754 0.31405759996428 0.63450726383252 0.30042072516546 0.64305842559527 0.30157771992384 0.64723092162244 0.30893526114171 0.64749268990875 0.31822438035544 0.65320892788386 0.31950084931593 0.65664660967128 0.32888357233367 0.65923194266257 0.32484296892958 0.66320378803364 0.32565553461516 0.66555337328767 0.33554296558117 0.66366701352815 0.3409235380138 0.66304360147037 0.34841725159982 0.65611324013211 0.34846721556315 0.65012226251471 0.34491875062851 0.64392982818262 0.34013754828262 0.64049136499733 0.33905979783685 0.63847535849382 0.33907874344428 0.63657751150127 0.33716209972368 0.62616069623877 0.34689912960259 0.62145627847504 0.33859120403293 0.61385367948201 0.33751005657804 0.61105923284179 0.33473851379317 0.60758951374172 0.33256810498582 0.60208081504077 0.3294777683408 0.59523592598283 0.3279010851697 0.58944264217778 0.33082830732634 0.58493350763159 0.33675498049391 0.5831822495305 0.34100914551295 0.57979723387398 0.34202890956872 0.57772620624175 0.33795220520001 0.57589024442739 0.33555213781322 0.57485324069467 0.32729242525819 0.57480284053208 0.32658451709216 0.57141782496107 0.319910777533 0.56703388074985 0.31750094995056 0.5646896870819 0.31671718073689 0.56260569891109 0.31503361952873 0.55772882824308 0.31681360676858 0.55377073547452 0.31496529815922 0.54906251069343 0.30582893188696 0.55062452507418 0.30103796934543 
0 0.61678314016907 0.31828469171553 0.61682204212993 0.31678551585055 0.62095719965574 0.31594202327998 0.62434299662462 0.31243317414943 0.62046960738512 0.30607470066885 0.62038943596371 0.30384396679686 0.61787435064089 0.30621933971274 0.61548054988757 0.30768466257932 0.61317603967048 0.3154821181575 0.61474493031302 0.31743262858105 0.61756453805838 0.31750094995056 
0 0.6537179304561 0.24151241759329 0.65815064429065 0.23605999600959 0.65064345490688 0.23165826536665 0.64569023944299 0.23241909025604 
0 0.6342340992312 0.22891422331569 0.63924144096515 0.23076832367222 0.64053262280484 0.23462736391879 0.64313467771054 0.23172658673616 0.64538197798344 0.22742598583123 0.64080423670431 0.22647513110856 0.63735969078848 0.22302543111547 0.63427378214909 0.22650323576831 0.63631808740202 0.22734671233705 
0 0.56904159403968 0.17913487241698 0.56631045220593 0.17765569082938 0.56231345610048 0.18618925978449 0.56624794037637 0.18591940153684 
0 0.62147152750497 0.16267071546874 0.6084403778819 0.16373929813842 0.60244400877055 0.16382772786281 0.59726193437908 0.1677861339566 0.59151820221375 0.16659008087896 0.58390643827182 0.16926862536009 0.58089610297927 0.17130580161726 0.57641291084235 0.17207930912225 0.57332552971986 0.17788029292192 0.58077398123562 0.17715333473548 0.58890613440053 0.17403783324868 0.60300950640876 0.16939327364182 0.60600766327537 0.16939209771463 0.60614728769384 0.17044290624811 0.613702545555 0.16820815672788 0.62508471134518 0.16392591778285 0.62069012961566 0.16227856138787 
0 0.6758954085109 0.16813808896339 0.67402896155963 0.168978641716 0.67226239031065 0.16697309790014 0.6683691405107 0.16661020677052 0.66470861691461 0.1634573107992 0.66028199787162 0.16236581518508 0.65582864238141 0.1608056949045 0.65508990883551 0.15794809193241 0.65217951433048 0.15789693909981 0.64439835434522 0.16228773361992 0.63657829289916 0.16070129025318 0.63605866330276 0.16463782410131 0.64022429545072 0.16392474185567 0.64730116929092 0.16809105187595 0.6542955397613 0.16813926489058 0.65689463802143 0.17051746003171 0.65997598971398 0.17057719713276 0.6696656358559 0.1713902157738 0.67523919058003 0.1777183677484 0.67985123522564 0.17868004100117 0.68458088025062 0.18041523915695 0.68513332854442 0.17134543036343 0.68058535852411 0.17077592882721 
0 0.69935111093963 0.26772900865065 0.70538020688285 0.26262452881067 0.71081109238437 0.25674489273173 0.71207475499067 0.24571141838935 0.7123693419875 0.23919442992409 0.71389627156444 0.23685398204563 0.7121602399176 0.2332624652339 0.71592299737629 0.23159911622919 0.71936675990957 0.21975999891245 0.71915843923754 0.21146253909474 0.71576046661531 0.20971417055447 0.71389627156444 0.20417153876831 0.70955349662469 0.20259710644616 0.70448128677368 0.19726239517378 0.7029444334438 0.19410844086799 0.69856360442779 0.19482152311363 0.6936332964299 0.18843200515534 0.68865954271046 0.18264079894933 0.69551584017729 0.17941911123762 0.69803475434966 0.18266949157267 0.7020073811186 0.18541410562498 0.7058556093467 0.18702064032605 0.70872177673231 0.19126446096846 0.71691801526589 0.19443052732426 0.72319670342753 0.20381607256725 0.72485795529825 0.20812937348579 0.7272769286831 0.21244091051356 0.72753408672198 0.21795024697307 0.72847801534843 0.22411408842085 0.72747610700006 0.22931899341538 0.72696024256291 0.23528364888134 0.72499759109754 0.24147796292674 0.72279382901706 0.24655195562529 0.72101886942522 0.25725361409161 0.71654186450463 0.26537715427849 0.71367341689204 0.26715715526006 0.70463240912166 0.2784123071362 0.69987074053603 0.28261411555184 0.69725945138347 0.27989301997451 0.69471990830734 0.27792018160883 0.69261685408115 0.27001712776933 
0 0.69100147026537 0.28120160642158 0.69608282247146 0.28304310839499 0.69803553574753 0.29123718982521 0.69785167282882 0.30233337073362 0.68791783985266 0.30189863045292 0.69389201726452 0.30095988778027 0.69329831116321 0.29487175995978 0.69022077565388 0.28885724518113 0.68808647896723 0.29037477921477 0.68611460798903 0.28843755676842 
0 0.5342151693985 0.23361793217884 0.53972463993012 0.23473472607088 0.55140592296349 0.22928747856679 0.55765710607804 0.23048233818057 0.56308187248841 0.232899691697 0.56372363455869 0.23686891632089 0.56103906403797 0.24109496344223 0.56573207186625 0.24546447368027 0.56906519225534 0.24622071245364 0.57040825891358 0.24743227023346 0.5730317241209 0.24731738214738 0.58031153923304 0.25233516567253 0.58656882798281 0.25515670073339 0.59365867438309 0.25574584025361 0.59724819293612 0.25792081994752 0.59881629102124 0.25789273051724 0.59964426020385 0.26027267437909 0.60696455172563 0.26428683459156 0.61339656171676 0.26771982143668 0.62041615977084 0.27163285172301 0.62746172372449 0.27399164406557 0.633451919944 0.27359945751561 0.64443656470104 0.27902037908412 0.64613969949757 0.28231673817215 0.64959574413493 0.28339906155421 0.65508537672787 0.27906859209875 0.65787981178905 0.28134918528344 0.66131593078074 0.27946993604736 0.66464984293108 0.27742182366736 0.66625311507988 0.27381078646435 0.67278280130493 0.26567454626385 0.67278436410071 0.26301611257353 0.67371530845478 0.26088993372913 0.6738961239218 0.25515670073339 0.6737481271653 0.24622812079491 0.67751696536985 0.23758786245934 0.68004276909459 0.23142166881681 0.67596026453408 0.2293052350673 0.67334367562801 0.22691551583975 0.67825336792805 0.2226430034739 0.68325922389402 0.22223191545031 0.68033735609886 0.21678231609185 0.67454172795379 0.21134247692904 0.66889564639522 0.20698390281383 0.66372427715456 0.20058580058708 0.65455269780018 0.19081549196881 0.64933553864436 0.18775677076313 0.64255550560961 0.18658084354734 0.63579611361195 0.18499324128509 0.62922829610523 0.18814778355447 0.62668719023336 0.18657110038337 0.62402481141213 0.18728712244697 0.61756531945627 0.18775677076313 0.61156745401617 0.19168591327195 0.60948957227017 0.18971821735906 0.60584278832072 0.19089179272042 0.59959238660407 0.19091309392526 0.59287876116946 0.19247307893031 0.59048955904344 0.1944408754835 0.58727926403607 0.19488067225109 0.58026574931788 0.20237662009877 0.5751675970576 0.20855082578928 0.57122857039706 0.21613002928173 0.56743300838537 0.21901879579484 0.56364808369544 0.21989899350584 0.56050341579838 0.21511779115995 0.56463169702293 0.212048738797 0.56812126362889 0.20814089757222 0.5706806646993 0.20461194008679 0.57218547022814 0.20132075507838 0.58180869755115 0.1978704671217 0.58501289765514 0.19285384415316 0.59027358067229 0.19057889541897 0.59568617855537 0.19004032076775 0.60011357899624 0.18581884271151 0.60480196633215 0.18736401107306 0.60979555620711 0.18468949929292 0.61627490734165 0.18148555092134 0.6217057788148 0.18582520976924 0.62745639829617 0.18139078835053 0.63038437425327 0.18079600437981 0.63286054596217 0.17824318405154 0.63976185194629 0.17834935303683 0.64309506083855 0.17840851941391 0.64542089159735 0.18189726018957 0.65221311443887 0.18028036030871 0.65695260507701 0.1845339241262 0.66569910399035 0.18624842596351 0.67069809686098 0.19247143263225 0.67357106240805 0.19372250156552 0.67517964806237 0.19827004717953 0.68111797259029 0.20188802235295 0.68812007907647 0.20781587129798 0.69044363032628 0.2093724461142 0.69135395884434 0.21401018534338 0.69152492869821 0.22656414879655 0.692077376992 0.23284336478478 0.68996213295905 0.23899805008401 0.68999190421788 0.24461357276842 0.68757214943516 0.24764346675608 0.68524624053657 0.25550065943532 0.68063568054691 0.26349555318804 0.67929418991662 0.27271929085023 0.67396176134284 0.27975239375746 0.67021808414969 0.28648810467933 0.6717014898653 0.28736546395287 0.67689200335376 0.29275826602823 0.68320882373143 0.29240395916707 0.68550800882288 0.2960201704497 0.68445874776361 0.30176257567749 0.68081962160541 0.30685845613837 0.67441201590416 0.30849311251975 0.67310714649288 0.30407879945592 0.67096058142704 0.30142837717121 0.66752288661794 0.29368664621569 0.66184323085448 0.29436705201151 0.65513038524515 0.29820433760513 0.64986813943227 0.29356095392545 0.64471889611008 0.29426545190263 0.63924605121258 0.29435505755421 0.63320623637968 0.29084795791678 0.62940223527099 0.28995391487487 0.62815387403456 0.28580888913665 0.61912733383702 0.2908685510402 0.61445956381105 0.29762554624414 0.61116300247887 0.29212091349338 0.61432750757109 0.28466047864672 0.6099573837059 0.28072853091462 0.604505883329 0.28021465073431 0.60111625751056 0.27522554446192 0.59744884474948 0.27183439076472 0.59203861320803 0.26928793532124 0.58760432554981 0.26732941360103 0.58417961496702 0.26386879247691 0.58051377573848 0.2623369121316 0.57746600075118 0.25988051783259 0.56881342586177 0.2572036371862 0.56389530767064 0.25752866346043 0.55948245154749 0.25635391220154 0.55290611873183 0.25791272127941 0.55089159688427 0.26185972087949 0.54662211706468 0.26587092610393 0.54500899930272 0.26679544005763 0.54365758149302 0.26970139131987 0.53893715684365 0.27274739550997 0.53914624922706 0.26260384760284 0.54125922720619 0.2594779979568 0.53530794475191 0.25140208282095 0.53521402072798 0.2519838139999 0.52671022399294 0.24719967183605 0.52125036265883 0.24389637477763 0.51826215009018 0.2488044596669 0.51416667841196 0.25370807603286 0.51052145735038 0.26040874432458 0.50588800240314 0.2638486690423 0.50067303116136 0.2689824294383 0.48976096619227 0.26728744799228 0.49119404988508 0.26374073400634 0.49391597122397 0.25567457906614 0.50035563605857 0.25095017400334 0.50485476000019 0.24545294959385 0.51049395214537 0.23369602958741 0.51213379371446 0.23244082903584 0.51290909668066 0.22929723876244 0.51990964019421 0.22695220476795 0.52299631805862 0.22931558322654 0.52769767648072 0.22966012989206 0.53207397338908 0.23165826536665 0.53603895207217 0.23322634841598 
0 0.54176894279454 0.18658084354734 0.53943005293329 0.18223192906673 0.53598018133911 0.18453274819902 0.53233339748178 0.18384024467913 0.52879194605728 0.18584249589887 0.53318730907366 0.19128455241049 0.53473025730693 0.19442817546989 0.53754375847613 0.19275788849478 0.53938660721175 0.2003205114139 0.5394323971269 0.20381548460365 0.54206883353886 0.20649236525005 0.54723262322018 0.20146715801305 0.55014223632734 0.20118916882626 0.55348991113431 0.19783201430272 0.55499471709742 0.19285384415316 0.54984312718486 0.19128337648328 0.54723872801976 0.18459930567775 0.54150873729739 0.18579710510949 
0 0.51598281244704 0.18697303229557 0.50947064243746 0.18697185636839 0.50941343517131 0.18030962370555 0.50516763170717 0.17669342961301 0.49905226437919 0.17834078600799 0.48856292697864 0.18529004530685 0.49357028080647 0.18925774122541 0.49957423816925 0.19228540095141 0.50550644582342 0.19637927385703 0.50995142760452 0.20024242984875 0.50366359708781 0.19754885103631 0.49696905760627 0.1983418963306 0.49201968337532 0.20147631358972 0.4886727915191 0.20651423749571 0.49598464394389 0.21009999226423 0.50523937286681 0.20789853897916 0.51305943763077 0.20734679394346 0.51912058462551 0.20579939135929 0.52169372781003 0.2038281680213 0.525619792616 0.20422035633382 0.53079044924851 0.20688630085739 0.53030974274769 0.20186967788885 0.52828372488291 0.19786870323092 0.52791740556165 0.19332468539847 0.52435610663126 0.19279634131376 0.52067650406342 0.18866001743672 0.51546162005486 0.18697303229557 
0 0.39773152566288 0.23165826536665 0.40262213252966 0.2276532925563 0.40762871132898 0.23000514692846 0.41808529311053 0.23739265854152 0.42091247544738 0.23832224473017 0.42383817864573 0.23449072117976 0.43128583802025 0.23603577190956 0.43525768339132 0.23820571034603 0.43888540829959 0.24106450692811 0.44203005872696 0.2410656828553 0.44403395356349 0.24314307582223 0.44826140157351 0.24498562057386 0.45498954239391 0.2520210908917 0.45347176269949 0.25782439391582 0.45239045680012 0.26373332566507 0.4489054223018 0.26742466370551 0.44461539902196 0.26732823767382 0.43676249940855 0.27627682336628 0.43388492361405 0.28050110659684 0.42871199157765 0.2779345279205 0.42294457204208 0.27085601932118 0.42664324756764 0.26261537168926 0.43081044251138 0.26300754340582 0.43545381425658 0.26138029536572 0.43342858725821 0.25515670073339 0.43028314827401 0.25440046196002 0.4281335227348 0.25125861970425 0.418783472107 0.25786286196672 0.41548316006505 0.26139064352496 0.42035236274954 0.26189241165526 0.41492227922787 0.27099032510853 0.40554323218551 0.26850298896239 0.39546437176475 0.26580095843636 0.38475109441369 0.25972717692753 0.38467740859459 0.2587493934723 0.37772765594256 0.2559416321301 0.37319609527751 0.25292077742599 0.36772099668495 0.24899002097686 0.37091714839089 0.24418059637851 0.37532431051509 0.24841640369549 0.38209176304415 0.25044323179342 0.38882405266908 0.25253036959035 0.39489363876081 0.25599901737678 0.3951003966371 0.25514458868337 0.4001336928742 0.25624478615867 0.40889238159431 0.25629241120971 0.41055817201603 0.25038584654674 0.41408898998615 0.24725940893711 0.40820787706056 0.24056779528471 0.40424142333479 0.23872476460597 0.39851292355219 0.23988857974203 0.39589398431345 0.23557820284756 0.39877312904934 0.23165826536665 
0 0.31464274917875 0.29359082247598 0.30995436196128 0.29124531811062 0.30422398444186 0.28927869748462 0.29257357286867 0.28564355377429 0.28675926946093 0.28755666971332 0.28487828850928 0.28428324120543 0.28162142218888 0.28379121869484 0.2758456416961 0.28025592577854 0.27275935453063 0.2809691256169 0.27010307061279 0.27987127999597 0.2672823024434 0.28071477256655 0.26441316574588 0.28727078732636 0.26878711846063 0.28928786971667 0.27167196125533 0.28926952525257 0.27369335940414 0.29125790053151 0.27916736403968 0.29171039731272 0.28412361444684 0.29483507103157 0.28884403897696 0.2967114980424 0.2948411113464 0.30143931329404 0.29823417531547 0.30182231277855 0.30470547805196 0.30502624398974 0.31393191153679 0.30718348241261 0.3154375089519 0.31035813303687 0.31756572418948 0.31210073953392 0.32199351521744 0.31654256929391 0.32661056080942 0.31867687713664 0.32948930870073 0.31917817489607 0.33183428370734 0.32172464521753 0.33835254845579 0.32187963242065 0.34255787551028 0.32763473766205 0.34778652121478 0.33230798989226 0.34929055583414 0.33273979035499 0.35025511336435 0.33484645062268 0.35293124478808 0.33752099270087 0.3559854946409 0.33978441734864 0.35871921508762 0.33788504654828 0.35702748869998 0.32886981398559 0.351557312914 0.32112690779609 0.34564650686936 0.31604080116361 0.34335795353468 0.31200431350467 0.34016828735048 0.31162131402016 0.33424294715579 0.30838573641304 0.33281712594769 0.30618947116221 0.32897421122511 0.30498602727998 0.32480701638665 0.3010959425557 0.3224575092724 0.3006820161862 0.32122547925144 0.29742293398998 0.31824374312091 0.29286562818032 0.31438215700299 0.29319863642114 
0 0.24069992831821 0.20539450307273 0.23411110334214 0.205729306099 0.22931511950281 0.21024463130812 0.23272795292419 0.21083316644574 
0 0.24796333641096 0.18618925978449 0.25243652431928 0.1884728098287 0.25833631265396 0.18768905435918 0.25369941955609 0.18393618323904 0.24722202191622 0.18652229940515 0.24900493979742 0.18697303229557 
0 0.22274340697406 0.18964814905119 0.21544374417163 0.18899127612504 0.21886618878706 0.19285384415316 0.22325811376376 0.19710740797066 0.22915907434431 0.19980721919718 0.22712884634828 0.19307139068259 
0 0.23629425084996 0.19521369483019 0.24202385072864 0.19476578416501 0.24674427525876 0.19682365674065 0.25240026745813 0.19481233405786 0.26071254357534 0.19189428756932 0.2693792617662 0.18932606259492 0.27382158679454 0.18785554864926 0.2781379504863 0.18585625424695 0.27349613458186 0.19127598505488 0.26671688575459 0.19481293884517 0.26326052574846 0.19629319598701 0.26177290048436 0.19983990997295 0.25629811445095 0.19912445915815 0.24958489093404 0.20080111285485 0.24718193852164 0.21120877400798 0.24587934824015 0.2210950290468 0.24608196242451 0.22656297286936 0.2437957485377 0.22852263955283 0.2419857185126 0.23636197411097 0.24175637823788 0.24610065028794 0.24869284712613 0.24623846895415 0.24951433070642 0.24854152234809 0.25187032585755 0.24851340222122 0.25599329114203 0.24897273484723 0.25757437159133 0.25012055737356 0.25201456946971 0.25900950856586 0.24252636989708 0.25706993426514 0.23779140916807 0.26191887001695 0.24355460915514 0.27563782453336 0.24047441903973 0.28381075366206 0.24119096090424 0.28849492755799 0.24296246584958 0.29353449556377 0.23807911986365 0.29713118645511 0.2339423995421 0.29947163433357 0.2315665612413 0.30263417290782 0.229673781134 0.30260889047332 0.22836314245425 0.3039990715927 0.22498422170126 0.30732635756572 0.22455843799137 0.3010270332226 0.23044064502258 0.29302402557229 0.2331423282249 0.28095995338485 0.23181496763031 0.27595013601997 0.23259558412174 0.27124820594044 0.23260167902528 0.26583823532816 0.23208814433242 0.26062405659235 0.23160547485618 0.2524925201006 0.23544612362197 0.25126602804552 0.23181309227538 0.24654973688031 0.22999618590313 0.24459464034073 0.22631845859727 0.24461357276842 0.21797758310732 0.23713138326883 0.21436322717028 0.23363746841354 0.21199426318924 0.23186099521353 0.2114325943864 0.22870809924221 0.20389984059358 0.22843540172776 0.19633387739047 0.23244260879977 0.19023639524075 0.24101686622057 0.18810130364798 0.2332946856388 0.19535556723304 0.22587623139269 0.2041855978017 0.21912441026837 0.20835966904686 0.21779573014082 0.21305876153385 0.21599856062233 0.22161670935745 0.21212799628934 0.21466390907809 0.22150495726387 0.21591383314184 0.22572065622597 0.21929767670154 0.22615186872511 0.22131110464294 0.22901924957565 0.22269996125142 0.23244260879977 0.22556300311788 0.23321719203724 0.23156734263919 0.23597039035801 0.23520646687572 0.23597039035801 0.23676473050723 0.23132465482396 0.23807607241196 0.23012979521018 0.2380134824426 0.22742480990404 0.23831947784833 0.22373169298343 0.24093075540709 0.2206614646933 0.24068351896295 0.2117346486456 0.24015013891567 0.20850378870184 0.24323642394265 0.20847392015131 0.2323353786246 0.19912328323093 
0 0.09611154968717 0.26301611257353 0.1024207125251 0.26497638324224 0.10756582692732 0.26840598993168 0.1127803294621 0.27045633657333 0.11769157147605 0.27326586180632 0.11777471221147 0.2743166703398 0.12262719310413 0.27487241352794 0.12837015503147 0.27679481929175 0.11903995167385 0.27898990787278 0.10800841069183 0.2740380783671 0.10262411039569 0.27163861376622 0.09845574335513 0.26841692605451 0.09316989919305 0.26507117802467 0.0966323513804 0.26419203978931 
0 0.10600912605222 0.29594207461557 0.11170098455759 0.29826642656056 0.11272430323344 0.29986839216615 0.11462395964216 0.29826125248094 0.11746988889485 0.29475863576448 0.12059626185001 0.29476333947322 0.12294045551796 0.29121944771253 0.12665514294399 0.28682230318561 0.12060962375392 0.28732017626942 0.11435765924148 0.28771058410506 0.10653031844439 0.29711800183136 
0 0.15856654195015 0.27552646422884 0.15611093657113 0.2663447071672 0.16097941267859 0.2602818617812 0.15803123751209 0.25606792670988 0.15502048956541 0.25316079952045 0.15163544890415 0.25198205010913 0.14621829864075 0.24571024246216 0.14894672127884 0.24257463262048 0.150764768492 0.23917549749639 0.15915030087132 0.24378042835708 0.16435985715747 0.24576021936757 0.16956107592813 0.24420305658776 0.17245928069961 0.24852435381117 0.16954427587351 0.25567516702973 0.17112496566381 0.26336008637621 0.1679608511906 0.27001254165331 0.1610206157893 0.2744228565647 0.16074552466236 0.27745228018148 0.16405542453979 0.27954460742368 0.16020182801097 0.28269103579548 0.15531122427809 0.28119819623275 
0 0.14247462135302 0.27124760308404 0.14586581005287 0.26624710521076 0.14664181629676 0.26184018535774 0.14480623451496 0.25881077687142 0.13987061288687 0.25448148334314 0.13366404759181 0.25510848771876 0.12478135080541 0.25283412694816 0.11927343336318 0.25466810298757 0.11567165793216 0.25797880838726 0.11588193210417 0.2590387891528 0.1096952143155 0.25746951432297 0.11381701004186 0.25353062862048 0.11954739146318 0.24880855995238 0.12300413944594 0.24805292460227 0.12659942927448 0.24538815600589 0.13367662809783 0.24498562057386 0.14560630781383 0.24852258992039 0.14853542468581 0.25158070616052 0.15133784570402 0.25397900965653 0.15551725702236 0.25898022797893 0.15345959883482 0.26425920030269 0.14670706302051 0.27628552522745 0.14221402515694 0.27007167586825 
0 0.10368360779382 0.35414413458875 0.10390036756832 0.36281718554969 0.10101325864686 0.36917507106668 0.09615085400101 0.37231820684235 0.09372883310328 0.36333681520678 0.08683284045047 0.36450816884328 0.08670234700295 0.35752033913271 0.08209100549893 0.35872672283291 0.07687158015744 0.3609511066981 0.07996200880969 0.35356534322776 0.0753144885834 0.34958518248103 0.07543849642843 0.34847863499893 0.06776524729512 0.34258875541143 0.06740853915864 0.3395294763347 0.06590528589917 0.33787471159845 0.06333401800458 0.33284256639105 0.06794879765932 0.33088629392429 0.0680258434912 0.33193710245777 0.0721488113144 0.33553201618949 0.07579598596279 0.33004396387341 0.08153168088975 0.3316017280243 0.08387587455771 0.33318299731142 0.08567941902604 0.33676769374547 0.09980334215504 0.32539941767403 0.11017593029701 0.31893346444865 0.1153798058205 0.31632502276448 0.11876560287491 0.31496471019562 0.12123302299001 0.31209156730187 0.12764751826343 0.30929991616212 0.13440160905953 0.30505433461071 0.14142653236408 0.30102879711338 0.14815845490207 0.29662024609276 0.14216862593957 0.30999406598006 0.13772825429373 0.31052346839923 0.1333718047812 0.31320893331409 0.12738199926064 0.31591391862023 0.12243223433075 0.31946061893132 0.11622527833674 0.32238034221649 0.11043730789098 0.32847645289476 0.10315217908929 0.33426884847505 0.09558465309041 0.33787471159845 0.08777067419723 0.34181477322813 0.08603690856041 0.348243331969 0.09637214588326 0.35042691116083 0.09917838012317 0.35082024592194 0.10072250049225 0.35328747163369 
0 0.34563807257571 0.437837683963 0.35016314775275 0.44372650280984 0.35552306338169 0.44409056986665 0.35834453480916 0.44657553919628 0.36204625093671 0.44763786137937 0.36751721347662 0.4508027622448 0.37032195763363 0.44265158776904 0.36831884419496 0.44064086987356 0.36627759854027 0.43576147760764 0.36301768476817 0.43323958416437 0.36093221199405 0.42923414098314 0.35535482842037 0.42400902612451 0.34541677589571 0.43777795754633 0.34746107385149 0.43822926772585 
0 0.29073306832667 0.45641710900203 0.29230234966814 0.44950971271099 0.29505474552395 0.44788705078691 0.29790145610261 0.44419040608475 0.30110604690553 0.44249424871155 0.30786545103653 0.43623796330344 0.31413413730544 0.43078212066827 0.32059403163303 0.43319372300411 0.32814210063379 0.43634015137591 0.33809195226628 0.43668011192541 0.34120989073695 0.43071204627061 0.34150900514995 0.42365989334296 0.34143274071788 0.42260685054783 0.3347427247177 0.42092456911542 0.32790666545569 0.41757129515159 0.32145481952616 0.41504493318501 0.32762661245923 0.40497946684303 0.31568513393676 0.40186396535623 0.31223291814897 0.40882192651627 0.306866902699 0.41151715162677 0.30266118866322 0.40646089991206 0.2974443383489 0.4033442109423 0.28649867327143 0.39785615862622 0.28078204776231 0.40021719692484 0.2777083379376 0.40059043621371 0.2749936835989 0.40304905321114 0.27193943374608 0.40453273210504 0.26905420025245 0.40736000238422 0.26332460037377 0.40687199258966 0.2609937686686 0.40882192651627 0.25916311235855 0.41197646878565 0.25265172374687 0.41157570145281 0.24640663323932 0.4155042503439 0.24114673162004 0.41895618459864 0.24325627144854 0.4265847770329 0.249519253513 0.42452808038444 0.25605127086395 0.41865303057007 0.26224939690523 0.4151642897944 0.26359129419732 0.41813056612129 0.26455545829793 0.42181567564789 0.26754368003077 0.41869783339585 0.26908701896297 0.4151642897944 0.27536414432887 0.41627823438875 0.28207588318983 0.41706375376889 0.28435217332369 0.41972794561086 0.28858344278746 0.41980719196333 0.2963581171704 0.42145397153459 0.2943839935927 0.42774470066989 0.2914476566784 0.4354743161888 0.28574438990792 0.43862320334314 0.28000143127089 0.44246673201539 0.27766981502263 0.44954181552317 0.2729806464073 0.45427880300686 0.26704843006103 0.45673061118984 0.26117536553349 0.46085552857317 0.25622067792207 0.46526525552097 0.2536292525064 0.46624821305582 0.25134913346537 0.46928339871581 0.24097615246511 0.47539963119606 0.23467957229255 0.47429142765241 0.23030937017717 0.47867011988599 0.22994766109421 0.48651696440599 0.23286876082385 0.48801214640621 0.23518052446645 0.48998042274715 0.24197845151242 0.48711174837671 0.24899157553167 0.48293744205156 0.2620273236307 0.47613340976017 0.27161210617852 0.47084056149562 0.26618842356577 0.47789612461211 0.26301860496804 0.48229667932786 0.25424045944099 0.49083014773181 0.25182679956165 0.50283871615607 0.25137585485111 0.50297994501112 0.2568189186906 0.50368960804709 0.26206475258865 0.49970357668526 0.26730175925035 0.49309710016114 0.26925150321452 0.48915586260427 0.27298142780517 0.48833588857742 0.27695139782134 0.4826400500662 0.27851606891539 0.47908357588461 0.28085948112625 0.47714047380233 0.28424340274025 0.46929950891826 0.28675583462615 0.46670070983702 0.28732547368746 0.46037550498078 0.29010044861146 0.45780082252189 
0 0.35006585880034 0.52956000679441 0.35552915828507 0.5292166360474 0.35371225696603 0.52259170584242 0.34776706440783 0.52688313451531 0.35136806329808 0.52916842303156 
0 0.36465182741649 0.55386289456309 0.37376839659116 0.55513524781057 0.37768647627483 0.54875949592157 0.37326173269856 0.54560036753616 0.36503416011041 0.54759967893793 0.36256900611146 0.55190144796716 0.3656938161919 0.55543040554174 
0 0.34641947046503 0.51740915087368 0.34017594038445 0.51776852289599 0.33000933339146 0.52204395895915 0.32093894065266 0.52596555853201 0.32739922567919 0.52995159055727 0.33463520889622 0.53348737677778 0.34219311898476 0.53023758440632 0.34620426866867 0.52414087231737 0.34615886945245 0.51701639118361 
0 0.41283829105706 0.60285907793609 0.41877050090237 0.6125708318961 0.42060037843335 0.61038772307514 0.42143366783956 0.61424511702364 0.42660354570617 0.61730323326376 0.42725374687344 0.61035561393674 0.42912402267428 0.60844355628386 0.42846703024131 0.6055164447068 0.42752232019313 0.59840231378826 0.42391366167993 0.59805894304125 0.41940765272522 0.59941973261784 0.41623017642837 0.60130298000635 0.41235069877413 0.60318293479874 0.41361968894638 0.60403500515188 
0 0.39144142297302 0.6078969917023 0.38862792180381 0.59625601811641 0.38243706276272 0.60932785355014 
0 0.44299461625716 0.50525711902573 0.43915326433032 0.50415693053167 0.43889680954952 0.4982130889769 0.43549116507475 0.49398585666241 0.4315940994798 0.49075558460064 0.42702323450192 0.49381829630436 0.42117346234242 0.49193033588922 0.41642787008937 0.49898132220757 0.41512981194843 0.49552821202564 0.41173870147403 0.49574176040264 0.40606513415245 0.49428336624801 0.40058393432666 0.4958887513009 0.39877312904934 0.49341060234895 0.39611074408247 0.49348750798692 0.39108088599599 0.49259756629249 0.38596593368152 0.48963587608163 0.38025422781405 0.49469447965071 0.38230578792063 0.49865970612218 0.38340044819612 0.50369878929997 0.38939635437752 0.50643304624152 0.39621912396698 0.50725526348155 0.40581101723541 0.51121602142971 0.41152959940413 0.51089440534432 0.41565788062869 0.51002057385234 0.41380815559182 0.52088636765077 0.40710298047297 0.52610114293656 0.40763409660492 0.5319222176931 0.40425666059325 0.53770189981269 0.39673492470069 0.54138702042843 0.39351853478993 0.54648348885291 0.39352462969331 0.54830817506755 0.3880941489191 0.55621474899467 0.38885875262967 0.56707714888459 0.38731775199589 0.57150062687269 0.38352250254335 0.5696207969808 0.38163542668832 0.57653277938786 0.38319056472835 0.58319217263536 0.38474648416626 0.58789929156852 0.38709067777499 0.59260993828324 0.38804953110075 0.59273623286303 0.38865347351415 0.59496061672822 0.39403363226555 0.59265815129787 0.39616951128213 0.58405342170644 0.39751937002196 0.57854584913772 0.39799251255791 0.57228497032562 0.39850682250974 0.5620816926054 0.39992388754622 0.55190144796716 0.40600636670281 0.54877443019683 0.40886261033548 0.53701057221999 0.41205157318101 0.54055563990787 0.41185466091788 0.54532590613093 0.41258948747443 0.54989531613703 0.41105497833815 0.55661433674643 0.41395013558473 0.55936236098758 0.4152114680258 0.56406383547025 0.41701157429795 0.56793498776683 0.41589292510786 0.57849069815269 0.41622408811148 0.5828683152677 0.41825008992123 0.5860917738908 0.42268436655151 0.59063014727276 0.42397399237773 0.58698747762844 0.42612205517547 0.5841315032716 0.42976883912491 0.57736074971958 0.42925982962401 0.56764782634799 0.42671575444024 0.56545683881489 0.42558710335742 0.56155687630225 0.42489728531816 0.55140309782859 0.42153594610259 0.54481837595741 0.42351538318581 0.53855397665172 0.42534674537274 0.53502737102067 0.42976883912491 0.5307359340102 0.43498911694355 0.52915008694463 0.43966524339313 0.53117573078891 0.44428267250538 0.53148347925997 0.44721901678917 0.52962774856762 0.45009814800992 0.53112751777306 0.4521622886222 0.5307278284502 0.45449812127373 0.53193021399797 0.45864852371622 0.5255269376916 0.46254862910464 0.52009521242637 0.4636344595842 0.50964851049067 0.46018536938788 0.50800173314738 0.45640200478443 0.51046154654712 0.45321077580446 0.51310620678862 0.45086814493228 0.51308786232452 0.44837891641728 0.5147908400754 0.44277098018689 0.51188665270393 
0 0.52666217740035 0.50173051330559 0.52169294641216 0.49977024263687 0.52225766265251 0.49779163667341 0.52117941173228 0.49673164671128 0.51983790786978 0.49318776414719 0.51368283685112 0.49199807861303 0.5135882877089 0.49265718580083 0.51208112749805 0.48724039481086 0.51077245132107 0.48557187172653 0.50942718777382 0.48300411712301 0.50331181176693 0.4765652102229 0.50295847242789 0.47200731644965 0.49900037088174 0.47264584491169 0.49176478288902 0.47031351093082 0.48242770346586 0.47007925636545 0.47872833153191 0.47116782203151 0.47534401921898 0.47045015366984 0.47248395474449 0.47350708419947 0.46857774669578 0.47272391667376 0.46028835762709 0.47671102519398 0.46343458578829 0.48598521013244 0.46858383369011 0.49113800546913 0.4648676695173 0.50045805156785 0.46228232871068 0.50989427927256 0.46161080311462 0.51029609359204 0.45665610777015 0.51120790753213 0.45711166272811 0.5177812229096 0.45819749320768 0.52323129263893 0.46160391908032 0.52557291644458 0.46519273103926 0.52396624713023 0.46930881463351 0.52171211230723 0.47273962011968 0.51692797014338 0.47946089203464 0.50731499165336 0.48367919029377 0.50330720554701 0.48373029371444 0.49670296328454 0.49195482735051 0.49471623430365 0.49051564025471 0.50330720554701 0.48732441135535 0.50730700427774 0.48361511566847 0.51258715252868 0.48447277797012 0.51816363443052 0.48472079365392 0.53122511973197 0.49301548831907 0.52431996602781 0.49456078931139 0.51818433074899 0.49594651172785 0.51663516427405 0.4965058363229 0.51309926881822 0.50095308415782 0.50339680217036 0.50445797497749 0.50374817824179 0.50613672134502 0.50567858031046 0.50863203730174 0.50533638549931 0.51201783427062 0.50936134907183 0.51671997409059 0.51157890373781 0.52062618204061 0.51590126811722 0.52844164539235 0.51981263712356 0.53075075423674 0.52467603677975 0.53395496390136 0.52561995353202 0.53610302669909 0.5334919628938 0.53468446739177 0.54642716194069 0.54119054233345 0.54354484681489 0.54795605128216 0.53778809527543 0.55246736382806 0.52905471924984 0.55292291878602 0.53385379568896 0.55132886713208 0.53661557008914 0.55088473057132 0.54007445050333 0.54462822412088 0.54914884541288 0.55004612438938 0.55926017291511 0.5527031897051 0.55265710657983 0.55720076971068 0.55063133681637 0.55922068325456 0.54535695060864 0.56030728493311 0.53864475823049 0.56543372379627 0.53577608386004 0.57038075370857 0.52871934481637 0.57046397258168 0.52766630202124 0.57098516496069 0.52688313451531 0.57193745454434 0.52674884363066 0.57585053879561 0.52283053665392 0.58109826135969 0.52054534875819 0.58507853507619 0.51398121420778 0.5894395165863 0.5074217747711 0.59381815768827 0.50218184322993 0.59963816530046 0.5041122452986 0.5966896385794 0.49512510418625 0.59412260137884 0.48802015212795 0.59176620688276 0.48486666819304 0.58886956498023 0.48676837763837 0.58606059591867 0.49593814024271 0.57945997183477 0.50311082570693 0.57286763056829 0.50925575081052 0.56760007124989 0.51577391520296 0.56900799393129 0.50994131636 0.57289358352185 0.50674538145367 0.57432134316485 0.501348110855 0.57635266506661 0.49622412573437 0.58037561385834 0.4872185225652 0.58677104286169 0.48557069579935 0.59182496800255 0.48025950307069 0.59959847028869 0.47733802956959 0.60298043840801 0.46834406807957 0.60245166646967 0.4586116141571 0.59885520463515 0.45188108747444 0.59721004956054 0.44455105243792 0.59026826716678 0.44005631646936 0.57876937239764 0.43350487333755 0.56573207186625 0.43078329659548 0.55995018610671 0.42929152622982 0.55322970563716 0.42970261948418 0.54593613773827 0.42725658423431 0.54020692841379 0.42486568907957 0.53422125473468 0.42919392427338 0.52848517867613 0.4354743161888 0.5170244158335 0.45205559506885 0.51123035048421 0.45655716192989 0.51467333679059 0.4625240516575 0.52013702697426 0.46493222294195 0.52529551249193 0.45477151649782 0.52811205177096 0.44993222334895 0.53219298028462 0.4477056052221 0.53974370603814 0.44304093726036 0.54660766120409 0.43939485742719 0.55609281552354 0.43743799699683 0.56286668580612 0.43948446307877 0.56995270395561 0.44217051595722 0.57979801527187 0.44567759071065 0.5849610128366 0.44848994865522 0.58230395830291 0.45692699102991 0.58039397670828 0.4645096047112 0.57432134316485 0.46869766938443 0.57069518821128 0.47594737807933 0.56235845434075 0.48604259537912 0.55662315025762 0.48996207828305 0.55449180942856 0.49775141996365 0.55244830774784 0.50251132897687 0.54956915912979 0.50615059748295 0.54953790321501 0.4990548176567 0.54228324911427 0.49780186723993 0.54079219543289 0.50016983181454 0.5389043381323 0.50095652710203 0.53704163220514 0.50567164234006 0.53370615725906 0.50327392680764 
0 0.58474582670703 0.40922384702124 0.58656960938069 0.39666189867045 0.59062083388553 0.39613249625127 0.59379832125478 0.39150910333376 0.6031674269182 0.38777412340533 0.60901415833753 0.39308472817039 0.6113713231509 0.39863134152169 0.60842967273109 0.40379554335209 0.60794512791216 0.40541926361063 0.60635099811844 0.40569606537388 0.60422200148298 0.40726357635252 0.59907119421189 0.4096154307841 0.59491086446909 0.40725547391169 0.59049565394682 0.40973374045636 0.58656882798281 0.41471189933732 0.58396442881771 0.41079135799988 
0 0.58499305014925 0.42333497361069 0.59129307047273 0.41981061329204 0.59077726973902 0.42170773662135 0.59210884984857 0.4257936132221 0.58864444425401 0.42840958084026 0.57979723387398 0.43117488035834 0.5732850638644 0.4296073693797 0.56624637758063 0.42803868247384 0.55166690985853 0.42568682804226 0.53708055545863 0.424481043297 0.52958404907767 0.42530560343988 0.52384100915563 0.42248396615688 0.52092530114509 0.41676977196495 0.52171818556335 0.40791810888105 0.52228665251347 0.3939063484953 0.52848517867613 0.38413721580422 0.53526824974013 0.38709255600827 0.53314917685762 0.39339646646742 0.52986714952582 0.41058005525218 0.53349252308152 0.4089207043999 0.53495233058146 0.41392637995717 0.53702256609712 0.41627941031596 0.53993217920428 0.41863927222199 0.54776600540595 0.41941560820047 0.55484289149136 0.41986799853872 0.55791198790371 0.41829931167249 0.56125887125868 0.41869900932304 0.57193745454434 0.4230111343144 0.58083883726044 0.42411015586251 
0 0.6784746465988 0.3915258014998 0.67485990005414 0.38493190739657 0.67207390408994 0.38208275341741 0.66815394353742 0.38187143930207 0.66368075329323 0.37943350705989 0.65768289952592 0.38176407714999 0.65071517472289 0.38496060001991 0.64648843736677 0.38412968987022 0.64283485534798 0.38719356815356 0.63663555720989 0.38916759712083 0.63362975402499 0.39190880098431 0.62619881656487 0.3941825620041 0.62668110723306 0.38883175231649 0.62563183427071 0.38414979822511 0.62047492089064 0.37152692543884 0.60823885537134 0.36367678832272 0.60135131325292 0.35787523395747 0.59310771074525 0.35592531149751 0.58474660810492 0.35630594638359 0.57798719313019 0.35238718178003 0.57040591471997 0.35277934066344 0.56233938823274 0.35443470619643 0.55583332340437 0.35434745239923 0.54935397210615 0.35706441943777 0.53758798559555 0.36141218774776 0.53700803209675 0.36688929132568 0.53446239411724 0.36931982770328 0.52982136906686 0.37739397894835 0.54124775040236 0.37150693467668 0.5464626337595 0.36374569765582 0.55446055351378 0.36267359225708 0.55949994465426 0.35983490395817 0.56399524845816 0.36071509811185 0.57301265801288 0.35945191712857 0.57980105200484 0.3594439208237 0.58259776390929 0.36251979356433 0.58916868408471 0.36218793431696 0.59587996523192 0.36256859454256 0.59896741336922 0.36461670692255 0.60063702619715 0.36730158387381 0.60401289941308 0.36727347921407 0.60579854982464 0.3707632783242 0.61283191204872 0.37282926479742 0.61672514879411 0.37758118655638 0.61861222464914 0.38540839309237 0.61816206133647 0.38924226849715 0.61730276976546 0.39425148312442 0.61298225299883 0.40068921409734 0.608968379878 0.40666868624584 0.60402743341346 0.41424106936061 0.60349937605066 0.42490248458933 0.60949035366806 0.42361979422592 0.61391321042064 0.41657339211991 0.61855346352934 0.41386089210135 0.6204307055164 0.40922609269013 0.62296868586091 0.40834072568218 0.62589970934374 0.40560882307302 0.63163734573714 0.39979809647572 0.63633182785799 0.39824998833525 0.64115148991755 0.39588790339657 0.64359179546424 0.3958958879575 0.64718059959964 0.39341022481549 0.65382170009318 0.39236870610678 0.65892063375133 0.39070641543654 
0 0.76113950861936 0.44526532112555 0.76472910954309 0.43707745772158 0.76627813728928 0.43263668629607 0.76752651398685 0.43185926999793 0.7679004755461 0.42969463406921 0.76994242445888 0.41902509393174 0.76811942322915 0.40844067949552 0.76564168872451 0.40464762019112 0.7645314158771 0.39871283327569 0.76289616916996 0.39512308035474 0.76129750726859 0.39147758848517 0.75483036108121 0.38646954978509 0.74988176824816 0.38296186451106 0.74304678792778 0.37942433482784 0.74103836098361 0.3758201180025 0.7371123055277 0.37473037400055 0.73035211999883 0.37160336070593 0.72409563790067 0.36846775086425 0.71758346789109 0.36501805087116 0.71081187378226 0.36326791844012 0.70587014334707 0.35668837064856 0.70033472083898 0.35407181506681 0.70253544979886 0.34768404803744 0.71001061437839 0.3496437436549 0.71873187414054 0.35439684134104 0.7280605926065 0.3577850403423 0.73354334889818 0.35944332019531 0.73738774827672 0.36329202494743 0.74624872197795 0.36854700835659 0.74753529357021 0.37122318344667 0.75953092296504 0.37119108063449 0.76451084972765 0.37984743342939 0.76784780932969 0.38688122992128 0.77201500416815 0.39472113666893 0.77461713721363 0.39746457486337 0.77505667351527 0.39952009563656 0.77698266298421 0.40019191449034 0.77776484225165 0.41234159417693 0.77925590566638 0.42295257314053 0.77957488804225 0.43439834281353 0.77757558768764 0.43900327367423 0.77538861133027 0.4409773026415 0.77540691170063 0.44521710811092 0.7700027638981 0.45243799627421 0.76813239443379 0.45676847604523 0.76472299924924 0.45822120632145 0.76004906789236 0.46361272504637 0.76069309601647 0.47224497133396 0.75612684128601 0.47625052239391 0.75322402634032 0.47356447922946 0.75244036241692 0.4727893080284 0.75066394753537 0.45318448516749 0.75471133904527 0.4511794117225 
0 0.68923793341352 0.477877780148 0.69490306796797 0.47335891737028 0.69702518830217 0.46802138373783 0.69468255748917 0.4609543064568 0.69365923883917 0.45518261039586 0.69826675137714 0.4539744730511 0.70430578481218 0.4558601898867 0.70611198598771 0.45805576353583 0.71077138334421 0.45779282621702 0.71124373835637 0.46042606985105 0.71342313515441 0.46095654071845 0.71652809772897 0.46253675167111 0.72011690186437 0.4687942130064 0.72702359949378 0.46833371992033 0.7292456606155 0.46643424473666 0.72962338834566 0.47037206224219 0.73444994133202 0.4731350306211 0.73976858944554 0.46728407737353 0.75041435402067 0.45427997893404 0.75044107782781 0.44911001506044 0.75222596191612 0.44380576030218 0.75452435053508 0.43463493936337 0.75143235916516 0.41431678779281 0.75098744626155 0.40824536941694 0.7481045419182 0.40412855439523 0.74735439996341 0.39968897043286 0.7446859262388 0.39625879083106 0.7380882714668 0.38930882597588 0.73054295188543 0.38365720232686 0.72825516067603 0.37933931529229 0.72460384471106 0.37629788497919 0.71842361268099 0.37198636019044 0.71126821014962 0.37050551508501 0.70575183970962 0.36765471480779 0.69889555597016 0.36727171532329 0.69414839390553 0.36352462334484 0.69055960328692 0.35738604824806 0.68450533244048 0.35865604960903 0.6815811719691 0.35944214426809 0.67930105298567 0.35677738833654 0.67161373888455 0.35873530710137 0.66789295664898 0.36158610737858 0.66450567502414 0.36506626388579 0.65898470837664 0.36335352593926 0.6547412491061 0.37012369152769 0.65877638770461 0.37581894207532 0.66784794813169 0.372008102496 0.67356498059214 0.36817376906773 0.67963838244597 0.37114169169268 0.68445265286023 0.37324036894168 0.68761028165119 0.37906085573462 0.6995670755719 0.38301007752691 0.70806243320996 0.38483430544012 0.71153449650364 0.38380478118871 0.71470665929498 0.38663606107464 0.72438099003866 0.39386095770592 0.72666189041996 0.39478547165962 0.73063828242793 0.40048589628686 0.73167533915117 0.39974517975235 0.73431788508873 0.40462692387265 0.73488485276068 0.41002537039851 0.73731532739215 0.41252303974174 0.73842100540554 0.41852450172863 0.73788221684859 0.42455336281895 0.73891016048425 0.42881268867965 0.73658423684744 0.43242889996229 0.73789981301336 0.43785027706827 0.73247424033303 0.44725651862974 0.72643983156862 0.45116564302673 0.7149851494957 0.44134819007599 0.70741231018247 0.43903314222475 0.70508188305989 0.43616105766547 0.70221649699976 0.43463599769784 0.6972686855646 0.42881386460684 0.69359516421387 0.42840381879705 0.69147149462375 0.43229331555773 0.6857613380122 0.42880457478207 0.67852731281521 0.42803750654662 0.67380688828509 0.42677551242248 0.67024247676676 0.42465553987402 0.66445683765729 0.42303863995231 0.66158380675523 0.42019067295858 0.65663521392218 0.42039515557122 0.65272133561324 0.41744617649899 0.64850303735411 0.41705341681884 0.64127127821095 0.41116460865638 0.63504299021191 0.40447417093117 0.62948928299367 0.40604168187022 0.62355551567579 0.40727393596852 0.61931657668877 0.41185934643792 0.61994841500612 0.42014140160949 0.62459711906225 0.42570753535208 0.62855598137824 0.42441436822555 0.63313372265738 0.42493236415102 0.64129261037279 0.43116454305181 0.64904251444327 0.43280096332396 0.66026666972147 0.43939826761603 0.66679868707242 0.44098529894637 0.6737343745628 0.44258960584199 0.68450455104259 0.44881378859515 0.6860032721943 0.45156640935944 0.68580714132408 0.45586935188988 0.68483569409589 0.46695329899659 0.68074249763568 0.47338185773746 0.68003822373583 0.4758864650511 0.67820068850573 0.47620572928212 0.67485380515075 0.48132748014109 0.67799846273708 0.48759176185406 0.68227630351388 0.49209685649666 0.68811695348491 0.48805800756763 
0 0.81350084020277 0.40959356993578 0.80487950460559 0.40732332491033 0.80615458964917 0.41263675190064 0.80978763743273 0.41627823438875 0.81343213870749 0.41746793115193 0.82021443779607 0.42046407602935 0.81942311617354 0.41453846134597 0.81625556362963 0.41360712701459 
0 0.84130453990048 0.41941560820047 0.83843993523824 0.41549506686303 0.83375076650445 0.41658375150072 0.8297865616984 0.41461536698394 0.82545449190946 0.41594522303868 0.82538433930352 0.4181799550631 0.82697227913133 0.41942702584394 0.82952479341209 0.42098311917911 0.83453294579165 0.42098429510633 0.83844679428694 0.42297091760464 0.84026293651402 0.41784692129461 
0 0.85250509724597 0.42529524427941 0.84211953789904 0.42789169157186 0.84803267079177 0.42889077024481 0.85198390485379 0.42959585618558 0.85224411035093 0.42529524427941 
0 0.8824584225372 0.43705451643728 0.87913058692567 0.43667093969335 0.87572955269834 0.43578323226058 0.86916776408855 0.43197875503545 0.85801299694117 0.43386082649678 0.86869775327 0.4385645352411 0.87174090727307 0.4394637667603 0.87181873450088 0.44052598178748 0.88215928506816 0.44326824398542 0.88193723014502 0.43627017298435 
0 0.9069419626032 0.4503812995738 0.90407657654307 0.44890105279947 0.90046868738897 0.44678685331162 0.89755907428181 0.44720724728064 0.89969416582064 0.45266543090755 0.90417962401138 0.45550411913475 0.91217215212037 0.45799038198428 0.91405008562032 0.45198092369254 0.91129534557091 0.45299727755947 
0 0.92725830772547 0.45822120632145 0.9264318818423 0.45436958458562 0.92413808839615 0.44850029681445 0.92230893349453 0.44998853988373 0.92028980134853 0.45235075279256 0.91631873727501 0.45626093565274 0.91992127479297 0.46102203986272 0.92027001266217 0.46324877558228 0.92230360061774 0.46606911934538 0.92564892117698 0.4648173448558 0.92747348520245 0.46091749993588 0.92725830772547 0.45782844663138 
0 0.85589089430038 0.50956924412603 0.8572315990716 0.51192227448482 0.85671118809046 0.5142132246416 0.86114468332287 0.51655814104336 0.86523406886296 0.51735059837406 0.86058692152357 0.51042932614222 0.85949343334488 0.5072839561049 0.8566791507778 0.50520080109475 0.8566722921897 0.5119210985576 
0 0.80899481462551 0.53385379568896 0.81267136974167 0.53114010852164 0.80683909418292 0.52513076782261 0.80433080702157 0.52918677587284 0.80145481034104 0.53191186122599 0.80408513553138 0.53688662949458 
0 0.8321887521237 0.49271467934215 0.83315329255926 0.48523767322025 0.83897408156933 0.48537314003209 0.83979361165494 0.48377117442649 0.84123968387567 0.48418803110047 0.84357698385986 0.48320049696308 0.84672929914532 0.47735990181525 0.84833633950646 0.47193957322083 0.84833790230223 0.46645376512795 0.85148254238596 0.4597887173001 0.85150848479523 0.45583255559783 0.85283779885096 0.45433171973023 0.85419838647212 0.44869667665453 0.85510871501318 0.44647111686215 0.85509119402725 0.44291464268057 0.85666617957317 0.43823044365307 0.85689434775109 0.43202461619571 0.85405334137687 0.42843144216391 0.8516710155521 0.43226238867274 0.84905974015155 0.43580969062227 0.84756258183344 0.43705558547592 0.84677354372782 0.43979795463171 0.84280247965431 0.44214170574116 0.84026823272092 0.4492041964308 0.83870014073539 0.45430184091123 0.83613541938872 0.45945676318533 0.82780556181944 0.47035137578621 0.82723937789276 0.48062815624353 0.82484406389374 0.49068668461511 0.81942539899958 0.48966456870497 0.81467901528797 0.48447402610561 0.8120738347908 0.48182701400974 0.80952821333348 0.47938789620563 0.80300305576159 0.48026984161747 0.79886102193453 0.47505508453054 0.79311196524889 0.47479097128454 0.78889210419402 0.47005974584406 0.78327197815687 0.4714894381169 0.77780906937107 0.4685173997468 0.77149992225404 0.46684428059482 0.76544487000971 0.46515965725966 0.76676651095777 0.47161573269669 0.77144114557273 0.47429260357962 0.77351983579792 0.47594737807933 0.77665150656708 0.47625287424834 0.78089043372997 0.47938789620563 0.78630223909509 0.47983687484002 0.79049920519238 0.4824827110087 0.79447863012278 0.48717948178262 0.80841486112671 0.489188073622 0.81480724267837 0.49299832227751 0.81633870436296 0.50180625208669 0.81348558632177 0.5120175245893 0.80852550706504 0.51774335805421 0.81266597809637 0.51816586869217 0.81419673652287 0.52098514553689 0.81678206951416 0.52099550228004 0.82340261924373 0.52134804525042 0.8233842563938 0.50533756142649 0.82638091722363 0.50968637534606 0.82933710164382 0.50536507812265 0.83297622780202 0.50024908930688 0.83718155485651 0.50401346741497 0.84364951496633 0.50634921158468 0.84890330429806 0.51066592269206 0.85375351901432 0.50886416705755 0.85063628849321 0.50218866360761 0.84907427415192 0.50062115266856 0.8394815386247 0.49859313949387 0.83537230622929 0.49624246098951 0.83166755973152 0.49193033588922 
0 0.86005808924411 0.49585087722665 0.86009776645721 0.49699694508106 0.86501354045473 0.49780080890546 0.86917465841879 0.49979094807519 0.87334107196463 0.50261352609994 0.87338153024004 0.51147096244366 0.87771281863111 0.51348860953625 0.88267360114592 0.51355752764264 0.8874146545798 0.51778921921447 0.88977025659743 0.52496190467869 0.87698785591408 0.52446589009562 0.87198282805349 0.52062226299117 0.86942039001979 0.5186046071253 0.86785376543107 0.5171346981427 0.86763169215654 0.51429365806112 0.86500135064796 0.51225412994959 0.86292347530424 0.5079810457408 0.85907444780721 0.5012596811306 0.86188187191778 0.4974183882053 
0 0.85354670063243 0.50408236773716 0.84987927023716 0.50292820421493 0.84891557224461 0.50005388539399 0.84657208189396 0.49898589918394 0.83717545995313 0.49747578263123 0.83709919552106 0.49853682173123 0.83483204774227 0.4986528857445 0.83483814264565 0.50087844553687 0.83587365110241 0.50363223182124 0.84006069344676 0.50453134574772 0.84500319125142 0.51027551486629 0.84969767337227 0.51035358757896 0.85370468164747 0.5126871063395 0.86244657031337 0.51695783869391 0.86470606039305 0.51656743086813 0.85250509724597 0.50447395150002 
0 0.74649440839797 0.50017324200338 0.74358704641481 0.49356441362489 0.73965795826433 0.4892844996537 0.73711841512404 0.48143543025677 0.74082316401032 0.47427309295179 0.74675617669089 0.47076482193226 0.75117668578224 0.47506543268977 0.752212194239 0.48475883567008 0.75691434925202 0.49075558460064 0.76074498083501 0.49704633402287 0.75904333069443 0.50375970232821 0.7603603768036 0.50704747714777 0.76314105926228 0.50934876665093 0.76394996233687 0.51592431629006 0.75976596744421 0.51661670221723 0.75482425103743 0.51663516427405 
0 0.70378615522891 0.53536497971579 0.70065370122113 0.53387213189471 0.69928092767207 0.5334989008642 0.69825073272081 0.53159025344847 0.69250167603518 0.5296598513798 0.68841232188707 0.525250124432 0.68190015187749 0.52564181731141 0.67591447461892 0.52799249581577 0.6693985670463 0.53033165858121 0.66783420847188 0.53533393523808 0.66619583861604 0.54084044947234 0.6709483785986 0.54760085486512 0.67486757087363 0.54885145342752 0.6779420458109 0.5508242986375 0.68378033813324 0.55238382110179 0.69693517126759 0.54787531627035 0.70324433394614 0.55111828044144 0.70744512889299 0.55002161857039 0.71185877661952 0.55075774898887 0.7193995786201 0.55503882177888 0.72343862420795 0.55693936302066 0.72596285188583 0.55574850155932 0.72884966265928 0.55630999909915 0.7347734400582 0.55064050904842 0.7352190566295 0.54786720237277 0.73691539326456 0.54682803551843 0.73839582966827 0.54106434600857 0.73716419034624 0.54046838611066 0.74104523728486 0.53579442832415 0.74551076982992 0.53868956105628 0.74916522638366 0.53318763293804 0.75223665199232 0.53122511973197 0.75384672230258 0.52721956728325 0.75300814120332 0.52054759161486 0.75073566482465 0.51964271564517 0.74890502088651 0.51770313267763 0.74098116265955 0.51969328051417 0.73685131863926 0.5229821136682 0.73447586911574 0.52850121032335 0.73273522722147 0.53138364304188 0.73263833388564 0.53623199083009 0.72805449770312 0.53771342389911 0.72671221244276 0.53581394871544 0.72441459014705 0.53574621530952 0.72199944561176 0.53540284457118 0.71992766155905 0.53870096754998 0.71706383829469 0.5350503016008 0.71155278121379 0.53877799078067 
0 0.56446230029611 0.61898786655054 0.55817829847021 0.62245825684162 0.55537244482758 0.62372144384539 0.55380808629268 0.62796465950364 0.54861991699783 0.63512582088144 0.54228324911427 0.64049675071115 0.53988795208487 0.64286012916973 0.53754985337951 0.64668306845168 0.53506298610841 0.64938746579423 0.53389167067232 0.65451368517651 0.53603895207217 0.66244095810561 0.53310792858933 0.67097325559281 0.52748474556126 0.67021078440535 0.52490933632292 0.66088368274351 0.52375864982018 0.65152459586221 0.53004797445477 0.63588029008262 0.53623352014661 0.63022008784655 0.53836328856175 0.62597793052276 0.54309746569437 0.62365253451229 0.54522115866954 0.61862732727529 0.54889153089729 0.61700925146724 0.55112585996557 0.61393160859995 0.55624620392534 0.6114649899703 0.56370605310663 0.60795554648931 0.57068674911429 0.6071723789636 0.57615044992453 0.6016831507203 0.58222080678756 0.59806918024463 0.58807441450815 0.59068753251944 0.59230038150095 0.58198978708759 0.59750917983115 0.57769377229868 0.59912463062058 0.57362741608921 0.60276907028429 0.57214139690416 0.60876082914822 0.56646155100267 0.61516766656046 0.56015481831828 0.61548741456869 0.55544181974919 0.61267469479736 0.5534689589458 0.60824573167259 0.54906264995014 0.60272484316487 0.55208866337808 0.59776938532829 0.55660633275753 0.58762495445357 0.56916030389473 0.57568878943661 0.58052905033704 0.5675939763465 0.58320134486741 0.56734142855505 0.57979985788895 0.57145595717711 0.57344256033556 0.57563690461807 0.56866876633095 0.57714093923744 0.56433829687548 0.57949279054529 0.56239872257476 0.58316395401615 0.55441758717011 0.58891302165076 0.54996070554215 0.59098402761531 0.54678899473585 0.59463768777388 0.54641457157829 0.59985945717713 0.54071979934305 0.60598858578653 0.5377145998263 0.61157512323676 0.53503889510709 0.61888540134434 0.53458639832589 0.6251969082165 0.52998264339238 0.63496586624218 0.52282947831945 0.63656757559524 0.51982992325319 0.63964745529818 0.51906510021137 0.64490735691746 0.52045575170163 0.65168583969123 0.52956000679441 0.64934929124687 0.53496998577399 0.64391685697798 0.53942557388205 0.64229686291478 0.5452593486522 0.64516607775208 0.54954160509303 0.64601381630079 0.55739067621045 0.64766741047239 0.56379737036989 0.65247253853157 0.57424641692155 0.64955831517698 0.5805072956841 0.64783072262713 0.58790622953892 0.64491954672423 0.5922102406327 0.64159174175702 0.59740207675196 0.63422799223394 0.60653609116985 0.63399372915264 0.60565072914637 0.62793945845914 0.61456097106582 0.6242598558913 0.61842177520316 0.61965617220289 0.61735144627839 0.61235652112608 0.60952305746796 0.61548133128546 0.60560369205774 0.62042914272062 0.60246749417323 0.62854379157148 0.59274540509508 0.63056136087073 0.58986297237656 0.63801059523028 0.58297627240399 0.64334988700799 0.57276499109094 0.64336284588845 0.56599541346611 0.64074626924078 0.5620943850736 0.63990609799301 0.55904662453812 0.63793885071656 0.5577810840461 0.63523146337805 0.55312911598044 0.62636212871961 0.56481595849847 0.62361348357359 0.56736419271071 0.62152879219734 0.57113774305084 0.61669842498697 0.57728490241608 0.61190626813242 0.58016274901858 0.60865174600562 0.58787859525005 0.60720873855987 0.59232512193707 0.6045226833832 0.59620545324741 0.60322696943586 0.60437497218727 0.59940163616534 0.61196558217342 0.59552895018393 0.61579545323697 0.59406992408185 0.62080114627148 0.59124501450375 0.62322190997674 0.59067803220958 0.62903381250123 0.58604763559063 0.63500069652521 0.57953240741728 0.63959305066864 0.5756223706177 0.64714356153775 0.57123997880595 0.65663823282361 0.56988323768501 0.6633159705352 0.56992598014847 0.6680656580325 0.56846922010022 0.67664051907341 0.56082769591425 0.68433449305922 0.55900469468452 0.68275439969928 0.55561811631777 0.67474680593294 0.55197289525619 0.67530725282983 0.5493372402421 0.65931617180447 0.55002705828137 0.65056221705313 0.5545185332357 0.6471343893057 0.56521087947408 0.63712407394875 0.56726204893354 0.62825523111132 
0 0.60171605851525 0.80359126478366 0.60579167352339 0.79758415819453 0.60635256091418 0.79295853089851 0.61001684808378 0.78907820627186 0.61261672662322 0.78595341488135 0.61500365114764 0.78779773912659 0.62035818004892 0.78582253418223 0.621655456792 0.78040574305543 0.6247535430653 0.77680093817543 0.62537851695156 0.77178149285484 0.62692754821804 0.76827205567205 0.62857504748626 0.76463749983349 0.62875211224351 0.76042415261932 0.63116038047755 0.75739813911494 0.63377854426173 0.75432403018743 0.64126589883718 0.73643477018757 0.6428874434246 0.72719386398847 0.64497910160722 0.72567574199124 0.64542245439309 0.72002000259706 0.649633107436 0.71320103230229 0.65851469755809 0.70762573005577 0.66182641800893 0.69814940323401 0.66774949200012 0.6886948310652 0.67721176454159 0.68291056282959 0.68244039706649 0.68401064271217 0.68628940669246 0.68797939696519 0.69101593965428 0.69301388978887 0.69725413787795 0.69890611237826 0.70381514508987 0.70316426231178 0.70976948899791 0.70713642675364 0.71569639198839 0.71027156622445 0.72255650415298 0.71565166461999 0.72822312336337 0.72089971372497 0.72830704549457 0.72195381485457 0.73062529669403 0.71884525133817 0.72877713445291 0.71377747553703 0.72466104303511 0.70510842272852 0.72122336124769 0.7016300301121 0.71763533851016 0.69836530346538 0.70982214121225 0.6941289081848 0.70616848105368 0.69021189472797 0.70038582425965 0.68636143874986 0.69595920532849 0.68055870845743 0.68627565408995 0.67115129096878 0.67487521545238 0.66748686178855 0.67794048301516 0.66476976931536 0.68008854575863 0.66167496414703 0.68064177545029 0.65782333224174 0.68261591234411 0.6548950331619 0.68659383930244 0.64870295857921 0.68971334937278 0.64401770641587 0.68944703548342 0.64009716507843 0.68787814484088 0.63774413471964 0.68633441520974 0.63164742826501 0.67903632861314 0.63697249693446 0.67482708134361 0.64583098618261 0.67222346364218 0.65219064102041 0.66599900449269 0.65810931773339 0.66470172774962 0.66127420816201 0.66261320752381 0.65734331362517 0.66262619153958 0.65740305586543 0.65773478434446 0.65178976744268 0.65585833550045 0.64823222955725 0.65273352542001 0.64795777352139 0.64934164602328 0.64793589589887 0.6474744051986 0.64517176683213 0.64204807812439 0.64199076620106 0.63846004309557 0.6368747773853 0.63319249584475 0.63461028868957 0.62307931998994 0.64081378068051 0.62718853510648 0.64598715474296 0.63006690428747 0.64801398284089 0.63261409307411 0.65156127950514 0.63892248656711 0.65342512414217 0.64414580655377 0.65654180679435 0.64725765785247 0.65812883300532 0.65031761198704 0.6586191946543 0.65193993774367 0.66155901269377 0.65500678072084 0.66332172759023 0.6597859537521 0.66792901042169 0.65682211163279 0.67613863335039 0.65350273348282 0.68123510177486 0.65091052419028 0.68548866559235 0.64382762134128 0.69099623816108 0.63866078420827 0.69653250335315 0.6326842626028 0.69967669339352 0.62927252322464 0.69927817573993 0.62662311560805 0.70281289127802 0.62042992411851 0.70516592163681 0.6134042078484 0.70831129560525 0.60791379385759 0.71328946575481 0.60244479016841 0.71259472797327 0.59999760832047 0.71372009029035 0.59673464709668 0.7119079864966 0.59485976104842 0.71450666798512 0.58292282543125 0.72043451693015 0.57729581229519 0.72430461089227 0.57484785964303 0.72239137736051 0.57173601017356 0.72269911750511 0.56860276099613 0.73182066383707 0.56384421456566 0.73837669634266 0.55907564561108 0.74602586460378 0.55354788080211 0.75102814138702 0.55240407060062 0.75368326744754 0.54990187834266 0.75460531197744 0.54697015167579 0.76197896358404 0.54489453435181 0.77724191088135 0.55381497265626 0.76600745503988 0.55974109424885 0.75845235786389 0.56495067397693 0.75149674838251 0.56760085264775 0.75073310124857 0.57015336692852 0.75221218250059 0.57374296302754 0.74552633072251 0.57850682271346 0.73729942944749 0.58468705474353 0.73606388275308 0.58682981487784 0.73277834219517 0.59021483053436 0.73221107167271 0.59641489908845 0.73068142883695 0.5967788742161 0.73217426839968 0.60219067958123 0.72828359571181 0.60539870853478 0.72633261152099 0.60615564865104 0.72437351677948 0.60793364136348 0.72359717309712 0.61363768953183 0.72082386642147 0.62016283058153 0.71887511988869 0.62774176479814 0.71819637111495 0.63136793177319 0.72202048642069 0.63110850767393 0.73221224759992 0.62909702126314 0.73632681692796 0.62797602787944 0.74114882709113 0.6243369135651 0.74741193001303 0.62147074610709 0.7541609290826 0.6162680310404 0.75884629348118 0.61393149513079 0.76784366538733 0.61157356044098 0.7721937729367 0.60922787065486 0.77572837496191 0.60637240842006 0.77769205581955 0.6040319655211 0.78161259715699 0.60212965240761 0.78472351260635 0.59853701942265 0.78550221160865 0.59360140898667 0.79571114132523 0.59438280687599 0.80041602611559 0.59437748228331 0.80316863654231 0.59536641942705 0.80479353276908 0.59308099799238 0.81530914430354 0.59561897833689 0.8188369259509 0.59758011959157 0.81540557033524 
