0 0.56234627481184 0.38374445612406 0.55922068325456 0.38296987288659 0.55635451579655 0.38415556026832 0.55366845049339 0.38641040064763 0.55377604898003 0.39072193767539 0.55653844672856 0.39278898248309 0.55869949086239 0.38931917413512 0.56156487692252 0.38727341360949 0.56386327035799 0.38498752875247 0.56182508241966 0.38296068858384 
0 0.58134626629193 0.39944084979659 0.5818712875205 0.39474925310229 0.5808052371512 0.39072370156617 0.57777888312587 0.38680198440059 0.57332474832199 0.38380360526152 0.57588868163161 0.39001285358219 0.57705772036433 0.39736921887287 
0 0.56625326425843 0.39668023141044 0.56852571516619 0.3942204386467 0.57100572622126 0.39540670223574 0.57355291649991 0.39510179607267 0.57413053638064 0.3906846607836 0.56702168054682 0.39238705057089 0.56474312435913 0.39385754751708 0.56677367525271 0.39707181517329 
0 0.55214386511005 0.41941325634604 0.55005909559402 0.42875530343297 0.5472211366715 0.4343501297989 0.54874275274293 0.43635626157836 0.54903577694402 0.4397967787045 0.54956915912979 0.44683283206459 0.55214230231431 0.45148597593991 0.55218732085281 0.44021588978851 0.55297941385199 0.43254483556474 0.55477264382289 0.42491166783254 0.55565023177021 0.41621168813904 0.55315874466306 0.40813636096679 0.54936849615689 0.40850724840128 
0 0.55588597950746 0.40921351026924 0.55615384269716 0.40381506374338 0.55848428370339 0.40758743815632 0.56183038566049 0.40952125041383 0.56332910677434 0.41479916440312 0.56135427993856 0.42365765908131 0.56153970565301 0.41889080304709 
0 0.59750917983115 0.4241181411364 0.59940921572468 0.42920427243261 0.60064921600391 0.43507120834941 0.60422809638637 0.44590149773322 0.6012124475883 0.43224392661592 0.59780680311353 0.42025958229169 0.59724819293612 0.42568565211505 
0 0.59907197560978 0.40804674387824 0.5964667950468 0.39822705775512 0.58836665731137 0.39511272043179 0.5913022128278 0.39504499878958 0.59620658954965 0.39550430419465 0.59933296250482 0.39667905548322 0.60297974645426 0.396463166976 0.60684015318479 0.39870824715966 0.60684624808817 0.40054104727189 0.60349859465277 0.40215794715275 0.60246385627643 0.40685130773784 0.59881098871475 0.40687081666245 
0 0.63136949456897 0.38060883415227 0.62925346908469 0.38210803585191 0.62437659673302 0.38250937980052 0.61760500279525 0.37761787548458 0.61761109769863 0.37898277416947 0.61682813703332 0.38682091682829 0.61395743754006 0.38869393365028 0.61841001057463 0.3900236721123 0.62304884547303 0.38646954978509 0.62741826608014 0.38768451775375 0.63241109795543 0.38531371894263 0.63652030102413 0.38727223768231 0.64018466633352 0.38254205849502 0.63475529162338 0.38178476136806 0.63032710978461 0.38021667456582 
0 0.62173173300212 0.41980601603611 0.62247498687761 0.42339236990813 0.6215104293474 0.42993687506954 0.62433463566742 0.42956716356224 0.6284903439572 0.42958550802634 0.62750672031897 0.42521717371549 0.62517627931274 0.41812256981642 0.6209503351128 0.4209819432519 
0 0.62069012961566 0.40843950356831 0.62221478138704 0.40928124367516 0.62229104581911 0.41033887258632 0.62363184642352 0.40479684535104 0.62069012961566 0.40922267109402 
0 0.63058809667965 0.41863008882032 0.63213181430901 0.42571435572976 0.63678886747191 0.4244488228921 0.63136949456897 0.42019877572618 
0 0.63605788190487 0.392759690073 0.63601207984976 0.38930024170742 0.63479950663575 0.39857278034783 0.64201071501494 0.39543540661536 0.63631808740202 0.392759690073 
0 0.62980669879033 0.40099118058351 0.63054229476271 0.40145168528479 0.63012565341865 0.40412855439523 0.63110772627604 0.40656767410056 0.63193568344374 0.41229114690065 0.63627916164158 0.41269072695848 0.63318717027166 0.40687081666245 0.63267738630155 0.39863016559451 0.6280272094399 0.39630817977287 0.62246350032893 0.39426982758852 0.61863207215502 0.39698563142477 0.62041694116871 0.40219463608096 0.62334640178176 0.39909983091263 0.63032710978461 0.40255986748937 
0 0.66243387671274 0.37280974440613 0.6666819462307 0.37626167866088 0.66529622812738 0.37833624940256 0.66188369447277 0.38250937980052 0.66257499716799 0.37675204029747 0.66047428713541 0.37629037128422 
0 0.70273690799405 0.3958958879575 0.70398072329843 0.40373461877794 0.70121301204438 0.41033887258632 0.70512531489779 0.41906307637985 0.70683924691297 0.42420658189177 0.70736730166518 0.42733243153781 0.70872710421356 0.42968428590997 0.71029146278798 0.43509189391413 0.71205568888265 0.43997129693381 0.7081868317508 0.44843820785903 0.70429437640328 0.44684200429664 0.70455301909811 0.44226694198648 0.70194330649329 0.43981748565787 0.70509327758514 0.4319373623985 0.70217600677885 0.42417553741406 0.69835450235789 0.42257815792449 0.6985300043194 0.419436198076 0.69726023278134 0.41708328536937 0.69622551938236 0.4107925339271 0.69726101417921 0.4061060050873 0.6990901240446 0.40099118058351 0.69778369121417 0.39411131260384 0.69804773926025 0.38846827322327 0.69678561171535 0.38262767807544 0.70013858997371 0.38205982283729 0.70384336740532 0.38289355521222 0.69965631120861 0.37583681616854 0.69940298201929 0.37169120246673 0.70299711349119 0.37277634807405 0.70716508983281 0.37198518426325 0.70983894126645 0.37581788374085 0.70761453595112 0.37970502864716 0.70762142620018 0.38343953820471 0.7063378881118 0.39308472817039 0.70247670249691 0.39707181517329 
0 0.70013250882895 0.35904998521636 0.70196080980557 0.36415621383648 0.70200050481735 0.36680205000517 0.70452020038759 0.36852572407452 0.70448972587067 0.37155220787334 0.70446909696692 0.37151210875629 0.70620661326971 0.36639953012937 0.70508188305989 0.36257024084062 0.70535277981762 0.35907009357125 0.70195551010473 0.35591436262073 0.70065291982324 0.36061807148388 
0 0.67903476581737 0.33827545438392 0.68267466014779 0.33787412363485 0.68578728042147 0.33955875692163 0.6927801662359 0.34266685006716 0.70269798055573 0.35350337186506 0.70069869596663 0.34688819347976 0.69981884196548 0.34382384482555 0.69726101417921 0.34379221238424 0.69041768791701 0.33816928135856 0.68679762786683 0.33718503030381 0.68481662798788 0.33625722375399 0.6836918972377 0.33326801684697 0.67930183438354 0.33121237853299 0.67829304973392 0.33703121902787 0.67929497131451 0.33788329586691 
0 0.66362425822726 0.31232063791772 0.66813940953704 0.30933601712673 0.67404036996852 0.31167987519403 0.67430667036247 0.31461052092718 0.66997694476714 0.31506007789042 0.66698795455775 0.31663676106151 0.6592479613189 0.32161609351786 0.65537152462771 0.32598902756513 0.65350884096701 0.32965180556434 0.65124785365058 0.32458178195608 0.65599422058997 0.31959386515635 0.65923961308727 0.31389167663833 
0 0.65611324013211 0.34258700461123 0.65766156736408 0.34457479192658 0.65901752708716 0.34140355149116 0.6636090209688 0.34249975081402 0.6723066043755 0.339774657153 0.67430667036247 0.33898290537861 0.67411899169567 0.3372551155641 0.675457435005 0.33268122918112 0.67103151933192 0.33173895872691 0.66659114779826 0.33004679950614 0.66266587374022 0.33088688188788 0.66409053118416 0.33593102155257 0.66057954142845 0.33586564000103 0.657454731348 0.32940603678245 0.65737080921681 0.33311244168026 0.65537074322984 0.33390536938183 0.6534699147723 0.33547229235728 0.65166824570441 0.33897937759705 0.65552641031723 0.33872620047389 0.65689463802143 0.34376293179731 
0 0.65064345490688 0.37670441524643 0.64902876184077 0.37559104738665 0.64673724685818 0.37671817359451 0.6441320662952 0.3810785116005 0.64409314033736 0.3833901492629 0.6428294760137 0.38445013002843 0.64156813126161 0.38603833728595 0.64754840357685 0.38380125340715 0.6498170360116 0.383283963038 0.65377442552208 0.381725624331 0.65600336294505 0.37524591275754 
0 0.68658775781551 0.37159300018883 0.68268076836892 0.36963332989109 0.67870359617459 0.36745433681528 0.6746065839786 0.3727677514774 0.67148629289202 0.37071283104791 0.66907880605585 0.374162531041 0.67273168481655 0.38371458757354 0.68001915762781 0.38107733567331 0.68837261341275 0.37545722687288 0.68606734682123 0.37002548921018 
0 0.71758346789109 0.37825697972069 0.71837782276584 0.37377199331968 0.71861896214839 0.36883805033515 0.71725151587663 0.35963677288222 0.71602067211246 0.35168950418053 0.71263487505804 0.34485160518618 0.71190456653468 0.34054112649289 0.70955966966786 0.33820773417755 0.70534130715915 0.33239581830498 0.70267283336713 0.33169874201715 0.70064532649214 0.32966274168717 0.69600421384578 0.33116075532952 0.70410357290247 0.33826629535141 0.70553743802936 0.34191978352585 0.70715976239102 0.34573061075778 0.71062338658772 0.35079662266814 0.71393057493092 0.35667802248932 0.71373444406565 0.36373358560581 0.71445020451419 0.37316111144934 0.71371459655977 0.38055087307211 0.71758346789109 0.37629670905198 
0 0.72044885395122 0.3833522723467 0.72568358028724 0.38648671832201 0.7204869718954 0.38224350266375 0.72018786705619 0.38374445612406 
0 0.71081109238437 0.39197594642663 0.71239145554721 0.39552383633976 0.70980230770926 0.39870824715966 0.71243185381707 0.40236466357155 0.71316371106171 0.40530212975659 0.71465930658409 0.4073313212152 0.71499280719482 0.41041930600584 0.71583679503375 0.41433055741947 0.7160587901685 0.42131615286838 0.72066864690008 0.42771249120435 0.71658685884876 0.43045828118385 0.71989334393388 0.44129880113418 0.71839846588965 0.44363924901263 0.72222761378967 0.44802826921501 0.72383465100564 0.45352550405145 0.72566451417923 0.4446646575189 0.72488467910539 0.43355661413374 0.72331267721557 0.42061212526208 0.72148356673826 0.41434901947629 0.71965525200302 0.41147457171226 0.71861286724501 0.4084612696483 0.72040914466759 0.40373579470516 0.71887994903683 0.40060760475062 0.71858004853448 0.39556170119515 0.71400310276224 0.39267244809895 0.71185347716872 0.38684384740842 0.71025175376094 0.39040608363321 0.7110720792794 0.39197594642663 
0 0.77409133458719 0.4068915244476 0.77848826039931 0.41542840304039 0.77828142438323 0.42819485653608 0.78730946094898 0.43275157438215 0.78922404200902 0.44371732004193 0.78686767454325 0.45194881055244 0.78817485908954 0.46135505235153 0.78659979540383 0.4652445592025 0.78578714161947 0.47119310446601 0.78141850241023 0.47309363798415 0.78085073871819 0.46780196564679 0.77832494824457 0.46300982717807 0.77797160012794 0.44926617819075 0.77592199351604 0.45303749426923 0.77488650070634 0.45765500755081 0.77619595160911 0.46646070309834 0.76737693897348 0.47069474652455 0.7652479577416 0.46370808271032 0.76420713575303 0.45432019564381 0.76572029735019 0.44450166349486 0.76586682486994 0.43475888208879 0.76647958166006 0.42108990447778 0.76297018289424 0.40607731246396 0.76030014630644 0.3919650103038 0.75906241204976 0.38913430646673 0.75876327769797 0.38481302115806 0.75608792767211 0.37832531327973 0.75479065092903 0.36459542264048 0.75605354616585 0.36749396556146 0.75840313141988 0.36746350904734 0.76452530558824 0.36680205000517 0.76868492086737 0.37582986594731 0.77037516259905 0.38814160065098 0.772822344447 0.3967077598307 0.770214897896 0.40104056952657 0.76705492491143 0.40206375538515 
0 0.74785574483653 0.40922267109402 0.74760851055059 0.42048359642064 0.74571379190654 0.43117370443113 0.74887828208866 0.44044449003349 0.74940556937105 0.44927311616115 0.74940556937105 0.45148832779429 0.75035715569662 0.45201655428627 0.75327216044908 0.4565560933839 0.75222596191612 0.46252181739585 0.75516079909985 0.46791344354403 0.75539045193372 0.47619890890444 0.75721954806683 0.47083138926357 0.76078851998726 0.45993453227486 0.76110747130671 0.45391591187723 0.76088463192765 0.44598193115274 0.76218722220914 0.42972215076536 0.75977284374547 0.41424447954945 0.75530496700679 0.40380353965695 
0 0.79214818911655 0.46122876786203 0.79244043191978 0.4664698753304 0.79499224294246 0.46988394472974 0.79761111412349 0.47378837576569 0.80146698382957 0.4754466682835 0.8044499084508 0.47548688499326 0.80713211838401 0.47077047623533 0.80638885273047 0.46057188482581 0.80562122388689 0.45001841881169 0.80640870023636 0.43862085148871 0.80379822261111 0.42921343376241 0.80009953755781 0.40999785370235 0.79806212075267 0.40678239840473 0.79728683399942 0.40136207963321 0.79651839112153 0.39001742780578 0.78641211957378 0.38443119760074 0.782643265431 0.37825981413546 0.78112469681127 0.37370885833261 0.78225936465768 0.37057324849093 0.77993120547978 0.3653797660736 0.78322618824171 0.36495772580652 0.78171605871896 0.36083516027755 0.77905369565007 0.36140183958853 0.77592732269491 0.362666196499 0.76992335835086 0.37089651087438 0.77223629604481 0.37910906874925 0.77540769309852 0.38537452638941 0.77982898286393 0.39004554435796 0.78661886151184 0.38959598739472 0.78809773511981 0.39714990845267 0.79051367709481 0.40565468423328 0.79060985113072 0.41119212535254 0.7926098389779 0.41428928237524 0.79285865216065 0.41902509393174 0.7947541510116 0.42430641810987 0.79630241275038 0.43500582679786 0.79717007694476 0.43853360835611 0.79672671179356 0.44366793109887 0.79112260441273 0.45260686973369 
