0 0.53443645170797 0.71764745190642 0.53552923662857 0.71302300065444 0.5331666801699 0.71098805865893 0.52790677855062 0.70938962083489 0.52561368836256 0.71183672530912 0.52305429778054 0.71071253891923 0.52357705295529 0.71568835721441 
0 0.45972216441614 0.7051647457096 0.46179239224646 0.69682648514967 0.46645561845253 0.70060567589399 0.46653266428247 0.70198033480925 0.46862352870189 0.69817691993017 0.47322189888478 0.69464796244474 0.47374309126379 0.68601571615716 0.4615848529723 0.6824891105261 0.46071875157366 0.6882492722544 0.45869352457529 0.68789908113838 0.45658281264998 0.69068156004609 0.45561216021639 0.6930987959698 0.45351449763551 0.69424720645972 0.44931065523696 0.69457105680677 0.44801337849389 0.69220203389769 0.44491982432823 0.69247649105125 0.44180189054904 0.68978232852689 0.44018721718319 0.6957573279833 0.43866254646822 0.70126490472082 0.43940503789598 0.70398764256659 0.43918373884723 0.70706645908607 0.44454898020137 0.70781975804147 0.44672532224568 0.70712725452159 0.44878259396569 0.70947569488267 0.459461958919 0.70438040225667 
0 0.6865885392134 0.57463564882998 0.68660681050708 0.57025814951565 0.68632980496231 0.5646195786584 0.68840543212327 0.55976088271095 0.69075495275925 0.55578178029869 0.69077025463577 0.56211273708311 0.69209722449788 0.5686962830271 0.69358141161136 0.56881575722921 0.69123721800263 0.57653736550389 0.68632755231837 0.57424406506712 
0 0.65324863546987 0.63264884209363 0.65068923231362 0.63232276324798 0.65324863546987 0.63304042585649 
0 0.65064423630477 0.62755237354041 0.65120354839138 0.62447827058235 0.65190868182888 0.62445639833669 0.65090444180192 0.62755237354041 
0 0.65902440338841 0.61938979846274 0.66314660253386 0.61971364271997 0.66835540086406 0.61775337205126 0.6720021848135 0.619800902607 0.66993193624985 0.62204480686348 0.66549079620182 0.62363300813019 0.66106261436305 0.62284866467726 0.65850703985896 0.62720677443222 0.65565079622629 0.62484680616247 
0 0.65455122575136 0.64479969801437 0.64829471668208 0.64207813759099 0.64804513820254 0.63607208948808 0.64675481590051 0.63928989664007 0.64596271288011 0.64409344160249 0.64909361786394 0.64792555311649 0.65607964002287 0.65179670541307 0.65224210429983 0.64905326728795 0.65503271051146 0.64524984839729 0.65403003335919 0.64479969801437 
0 0.65976002408156 0.65616738640938 0.65615901740067 0.65845033661736 0.66024377476389 0.6592462041369 0.66049640069512 0.65662670873718 0.65923961308727 0.65577462671931 
0 0.71888605817258 0.62912106044627 0.71502328171174 0.6231748728893 0.71159327167158 0.61971246679276 0.70976948899791 0.61815413417561 0.7074840425069 0.61657862076268 0.70566793147688 0.61649936943935 0.70403793547976 0.61359741632954 0.70009280005856 0.61730088140939 0.69602327995379 0.6173617882884 0.69407134807559 0.61851702530523 0.69261841687689 0.62043707921467 0.69392632063099 0.61231130476613 0.69831558874399 0.60941276184516 0.70275674167552 0.6072492910082 0.70455301909811 0.60953223604726 0.70690410293778 0.61030740092089 0.71062260518985 0.61458731183479 0.71105987543766 0.61377204151668 0.71629461604554 0.61763743177004 0.71988342018094 0.62330798784676 0.72281749104142 0.63094351825142 0.71836486578041 0.62755237354041 
0 0.70794648772213 0.65459869950352 0.70404027967343 0.65500181255146 0.7011817561296 0.65527627395669 0.69473287951197 0.65255235622285 0.69108765845039 0.64438742339901 0.68532641195799 0.64201604863556 0.68923793341352 0.65028434545905 0.69166684409608 0.65354225172809 0.69149898628894 0.66044047578708 0.68893420406162 0.66594569650144 0.6918431139107 0.67099160005691 0.69609352762227 0.66521074201014 0.69884975232763 0.65770503396682 0.69931907362617 0.66551507196589 0.70175937923451 0.6674305397593 0.7035243869426 0.67115810655624 0.70298569125131 0.66096869723144 0.70925594031595 0.65929324122434 0.7136764784445 0.66438053741676 0.71628773974429 0.67185402505518 0.71580092887154 0.65936097463026 0.71862663407333 0.66047375452645 0.72196662690124 0.66015449029543 0.72410859474132 0.66910140985583 0.72599035709084 0.67019926031893 0.72715026408844 0.66507645112549 0.72014362567151 0.65623394905703 0.70794648772213 0.65459869950352 
0 0.72279304761917 0.64440811425151 0.72385370275627 0.64120418850629 0.72278084348134 0.6369586153395 0.72696632302994 0.63736055290587 0.72961197993676 0.63077583103469 0.73220793993908 0.63807833886025 0.73447430632 0.64395562293629 0.72806670197418 0.64479969801437 0.72305325311632 0.64401535456143 
