0 0.48811347532662 0.21009881633704 0.47842538357788 0.2121560845635 0.47326691542958 0.20021079740744 0.47632225121191 0.19396086200614 0.48160130531705 0.19215675451725 0.47717390487617 0.20617945102583 
0 0.45295057030731 0.20500352383975 0.44421703508433 0.2027130528667 0.44513659141413 0.21786981355354 0.45458509085662 0.20899003459329 0.4555557508703 0.19285206338914 
0 0.51129520650902 0.17678127137381 0.5118567881697 0.20964631955584 0.52061399223385 0.20069139884839 0.518327006115 0.19128515728693 0.51266343421322 0.19201035158259 0.49957571413311 0.20186615010729 0.51207660439834 0.20970723258408 
0 0.59959316800196 0.15247838421907 0.60065382625134 0.16188815356209 0.60083776730984 0.17502020281993 0.60167715617277 0.19677203353719 
0 0.55010489547778 0.17521315515233 0.55263677088618 0.18070463483745 0.55453838074159 0.18962921662349 0.55166847265431 0.20219117638152 0.5389043381323 0.18383683449029 
0 0.56026306803891 0.16462981021024 0.5641700574855 0.19677203353719 
0 0.57849542499037 0.19402799060492 0.57518744456349 0.17991803994269 0.56964062410862 0.18227790781971 0.56495145537482 0.18109279123126 
0 0.64283025741159 0.15287053805237 0.64331174246778 0.1712346580225 0.63656687233716 0.16675261155275 0.64257005191445 0.16580573742603 
0 0.67877456032022 0.16267014514084 0.67893787247909 0.17624269672258 0.66783498986977 0.17207756262948 
0 0.65116542869695 0.15130302707372 0.65213528721106 0.1623451188666 0.65292504603784 0.17166185496065 0.65682289303066 0.1612846677302 0.65957763308007 0.15100904526977 0.66054220336877 0.16972570825732 
0 0.7089453346628 0.15333385337539 0.709056761999 0.15349415012241 0.7099404448497 0.16413029392779 0.70195629150262 0.16462981021024 0.69522969227745 0.16260182377132 0.70033620549493 0.15186913634396 0.71051352204725 0.15450415398253 0.70976181729672 0.17715274677189 0.69830950755317 0.18109279123126 
0 0.64517445107955 0.078003387743 0.63319249584475 0.07721904430989 
0 0.67721176454159 0.08270709648733 0.68079977409952 0.09220929370717 0.68216035737464 0.09956166084543 
0 0.68450455104259 0.06937970573146 0.68835276590687 0.07966850063849 0.69129066561691 0.090926004369 0.69257873543292 0.10143467766742 0.68736993710272 0.10348159498929 0.68091503028528 0.10200194494198 0.67355809120342 0.10033847834455 0.66737254566784 0.10104368187804 0.66575864650801 0.0901657674432 0.66184401225237 0.06506818869611 
0 0.70429970377269 0.07996305067354 0.71049211174563 0.09690665244469 0.71581007122661 0.10777080853146 0.722271855227 0.07957089868205 
0 0.74493239401722 0.07957089868205 0.74967116650692 0.08851041474336 0.75092337163462 0.09955307657697 0.75014119234742 0.10855562233545 0.74258820034927 0.10865557614627 0.73745190104182 0.10602982926591 0.73550450127125 0.09573811427333 0.7355564007433 0.07760380768517 0.74342756310963 0.0779161339458 0.74701638218803 0.08466675953669 
0 0.76368594336086 0.07878712345776 0.77169527172637 0.08438196957846 0.77572586265078 0.09563194737498 0.77624478897596 0.11054576150517 0.76707252181316 0.11171308549981 
0 0.62928550639815 0.06898755400732 0.63372742875868 0.07876527096687 0.63605788190487 0.08741938950011 0.64023194090463 0.09272317388749 0.64334988700799 0.10157767041324 0.64590395176032 0.09339780331415 0.64594208397636 0.08819571711127 0.64747284240286 0.08221730314621 0.64777963164253 0.0737876887809 0.6501230439126 0.06506818869611 
0 0.59750917983115 0.08035524211517 0.6097505591652 0.07996305067354 
0 0.61131335494384 0.06820377851567 0.61365754861179 0.09525010447878 
0 0.59490399926816 0.05840420933259 0.59621267331981 0.07840755391686 0.59594638405251 0.09211451397598 
0 0.52223399556159 0.27281511406268 0.52543209149767 0.27044434211603 0.52744435668756 0.27046208370389 0.52953974381847 0.26867927540973 0.53577874657502 0.26889574865246 0.54227715421089 0.26673734925463 0.54565529348065 0.26376942662968 0.54901139733049 0.26139921265182 0.55214761581983 0.2541381126048 0.5487572867433 0.25209858449327 0.54326077784911 0.24988631267809 0.54092877404714 0.25356048183138 0.53791304710929 0.25359036572153 0.53480808453474 0.25598067291268 0.53095149534943 0.25676619227298 0.52750693726076 0.25831982727123 0.52458966645448 0.25632743857013 0.52094514865098 0.25927938385507 0.51772875874022 0.26056783211026 0.51566461812794 0.26253670216051 0.51270687091201 0.2649746344027 0.51391866272815 0.27428327400771 0.51750137196017 0.28383603609656 0.52020797790082 0.29114995041583 0.52143813256689 0.293590220184 0.52230650001936 0.29710531605702 0.52610362482678 0.29941072130533 0.52404479772002 0.29186820674109 0.52382804725579 0.28659264460617 0.52151745369708 0.28377112491589 0.51930297207875 0.27675401461839 0.51962959639649 0.27124760308404 0.52405699683736 0.27242353029983 
0 0.48029871503555 0.27947909359455 0.48206982324159 0.28831631867553 0.48051616985751 0.29521689458889 0.48231706578366 0.30083124134612 0.48336170833936 0.30400824382475 0.48546327790959 0.30600918750993 0.48647128116135 0.31445200594249 0.48889487321594 0.32106718432779 0.48763040676108 0.32844718575492 0.48832944529521 0.32854302382058 0.49019668209955 0.33987167114585 0.4857502072073 0.34613371859717 0.47995989271415 0.34681411006703 0.48297405685626 0.35218386396956 0.48914897538082 0.35474585652987 0.49222268204059 0.35186930344728 0.49507353402796 0.35111069994424 0.49827695273409 0.34290109476263 0.49976192124543 0.33267252731994 0.50109811160241 0.33194568672623 0.50061356678349 0.32308482661038 0.49905226437919 0.31863901228125 0.49805566085742 0.31090246973131 0.49456687564933 0.30504235419219 0.49152520630221 0.29627334757287 0.48843165213655 0.28725410364834 0.49253320955396 0.28144796316707 0.49879814511309 0.28096971358049 0.50167650230547 0.28061940487176 0.50369641579833 0.28642672128022 0.50582463988591 0.29595302500738 0.50766216626602 0.30700309518226 0.50868314072241 0.31650764425648 0.50999183482964 0.32063479590147 0.50923637041407 0.32699385734564 0.50767896632021 0.3304459091931 0.50848700985714 0.33788329586691 0.51026047046194 0.34570250609803 0.5214464935241 0.34375375956526 0.52687814639511 0.34182041767862 0.52379068713283 0.33356082271631 0.51700612199043 0.33234760528914 0.51705723454485 0.32215409382589 0.51526783337831 0.31151453983166 0.51304568502826 0.30386748534058 0.51150273679499 0.2790777643308 0.51000479707901 0.27545296877971 0.5081505399345 0.27479433196279 0.50727146733123 0.2729023827131 0.50087604705286 0.27116036417964 0.49410367154614 0.27281511406268 0.48653769998026 0.27281511406268 0.48217210822272 0.27565393473581 0.48048335114698 0.27629693172116 0.48029871503555 0.28143879093502 
0 0.42820604334628 0.31279663939945 0.42720334671086 0.313540779966 0.42824416867313 0.30449860546135 0.42919575499871 0.29788448541052 0.42974976608824 0.29425745559777 0.43186962036862 0.29124872829946 0.42970546082903 0.29000330381668 0.42839529102111 0.28611321909241 0.42141381361558 0.27950143621165 0.42095216375423 0.28489825112375 0.42082854661126 0.29135550248796 0.42063851064938 0.29437281405472 0.41963050739763 0.29833239607569 0.42037221025543 0.30886576384501 0.4203920644531 0.31958810311314 0.42113758946868 0.3246162501681 0.41908415400722 0.33203294052343 0.42015091837876 0.34415273860843 0.41887427053945 0.34690030552977 0.41930466448601 0.3497499298798 0.4165514938271 0.35294704071332 0.41646600230541 0.3579601359003 0.4181058438745 0.35903105278867 0.4196228496985 0.36140066366134 0.42194875859709 0.36405743595285 0.42455315769639 0.35981020948664 0.42544442010644 0.35628702669995 0.4266027643083 0.35507205873129 0.42664402896553 0.35208402775146 0.42894695791703 0.34176644262078 0.42819228385459 0.33783049673625 0.42801678189309 0.33342535590447 0.4276848509541 0.32820659105264 0.42797099197793 0.32305497164314 0.42926748732313 0.31875719296345 0.43848016820546 0.30857237001209 0.44613849244562 0.29992060333322 0.44563871036824 0.308189356568 0.4474800036842 0.31677234546607 0.44798743608462 0.32256461000655 0.44701834644677 0.32731888361987 0.44852847596952 0.33004396387341 0.44855598857779 0.3342780207071 0.44908248705905 0.35152299289098 0.45348472637668 0.35397597700114 0.45817764570179 0.35581440880739 0.45823640682158 0.34952885556882 0.45733983090603 0.34653341624772 0.45656984144535 0.33969657558784 0.45638746318259 0.33209948464661 0.45394176599059 0.32407708755328 0.45313903595918 0.31556078768625 0.45261331147252 0.3078798664922 0.45479419292652 0.30031101115899 0.45246297802438 0.2871628516987 0.45013018532258 0.28137046956551 0.44805385490353 0.27389343931956 0.44205521973836 0.27688147037487 0.44197818114551 0.28269279968625 0.44017580158245 0.28529783118158 0.43993841290967 0.28886582944959 0.43555148899028 0.30105454991875 0.43431148871105 0.3073281214565 0.43256092306383 0.30960248222709 0.42746511499716 0.3147282312385 0.4276848509541 0.31279663939945 
0 0.55010411407989 0.22617021318921 0.54598113639226 0.22024236424418 0.54436801863031 0.20966877976509 0.54853975550548 0.20460100396396 0.53735450391212 0.20343540833122 0.53213804801439 0.18814835452599 0.52750921271237 0.18393678830111 0.52565869687985 0.18712860746229 0.52666748152947 0.1919718987636 0.52972899838248 0.20312309867649 0.52253310540153 0.20780669906593 0.52122599228436 0.21058800204645 0.52770378078681 0.21399983718415 0.53194426134273 0.2155667601596 0.53585578279827 0.21891368411662 0.53629915756931 0.22352155479528 0.53735598856807 0.22685918892754 0.54072733940807 0.23293179450918 0.54409406053723 0.23636254630049 0.54520051992056 0.24452455508044 0.55604929166221 0.23878156188905 0.55275273033003 0.23119894820777 0.55141278926328 0.22892576336435 0.54958292168772 0.22538644166833 
0 0.49071177111998 0.24568319613688 0.50269216325635 0.23752755313782 0.5034743425238 0.23919266603331 0.50480287518165 0.24105474673247 0.50612375014039 0.24530713462277 0.50815585344002 0.2536161185269 0.51306021902864 0.25351109288832 0.51468865218884 0.24732596641584 0.51315633096659 0.24470941083409 0.5130724088354 0.23993736503648 0.51159587942105 0.23945971909727 0.51159587942105 0.23796734990541 0.51785081308745 0.23206878154731 0.5175005905623 0.22702111410106 0.50582463988591 0.22625746698642 0.4993055848896 0.22735707649812 0.48916038378972 0.2288913086978 0.48446669137718 0.22969164474065 0.4798301806678 0.23362535636353 0.47176209138483 0.23243449490218 0.46360320366942 0.23363805637714 0.45633714875962 0.23557880660504 0.45140683316189 0.24890381005686 0.457957135223 0.24920933139707 0.46122697274803 0.24938383899148 0.46329877105943 0.25334283304886 0.46827783828438 0.25397959762012 0.46784213083231 0.24661229620661 0.47247941462911 0.24459286088378 0.47769431587046 0.24343882150953 0.48531294529131 0.24654397483709 0.48805548720213 0.25164724825129 
0 0.53238684509606 0.323235345294 0.53297054930464 0.32379286595241 0.53951936670979 0.32954844156468 0.54880682736823 0.33435669023585 0.55452540953695 0.33798089782335 0.55954496337863 0.33914647685019 0.56391515517653 0.34101889257835 0.56859823932427 0.34023632616625 0.57852589950806 0.34332253399408 0.58059081083162 0.34692782222593 0.57822067481362 0.35043549542929 0.57022510972983 0.3488582242946 0.56228906620994 0.34569333386598 0.55550982467819 0.34494803121544 0.54964089145422 0.3413134754687 0.5422909165846 0.33986014705943 0.53714463008555 0.33580649086357 0.53183205260866 0.33284938676873 0.52412263426007 0.32681016402999 0.52380897184298 0.31835126289882 0.52223399556159 0.31201407370031 0.52015157018655 0.30691700332052 0.52307266063048 0.30406680499862 0.5272520452757 0.30660175123365 0.52865231025799 0.31188483930256 0.53004875585265 0.32104707597291 
0 0.55322970563716 0.31514849383103 0.54743407749209 0.31277654488776 0.54365069538603 0.3091816178872 0.54072201617085 0.30378881581183 0.54021988989986 0.30012556744175 0.5383450038516 0.29756874896105 0.53309494784547 0.30140144843865 0.53524379198682 0.31014105687832 0.53837625976638 0.3175003482626 0.5435927254682 0.32101897131316 0.55136090444474 0.32181307494192 0.55797606252901 0.32602407019528 0.56390907059047 0.32729995119218 0.56886906139008 0.32794588799549 0.56490565511601 0.31992053772864 0.55902455238434 0.31583523532505 0.55114571746635 0.31475633589825 
0 0.39512712649778 0.43548582953142 0.39508133052909 0.43437764649506 0.39014493355549 0.439708359615 0.38522915943379 0.43234963164691 0.38737573171781 0.42773201159564 0.38909261911685 0.42248173189523 0.3959085243871 0.41863008882032 0.40294032399307 0.41784574536739 0.40548751851741 0.41314545800134 0.40736928722972 0.41385983376688 0.40971269949979 0.41311335518916 0.41435607177797 0.42012987752306 0.40632690244537 0.42529406835219 0.40167055242293 0.4338287236846 0.39851292355219 0.44293062473457 0.39486613960275 0.43391714262556 
0 0.31516394155776 0.39707181517329 0.31907014950778 0.3871849838851 0.31985311017309 0.38450927916589 0.32188286927911 0.38397011655107 0.32397529649427 0.3801495291235 0.3243567749342 0.37502435580449 0.32062036474123 0.3745764574105 0.31334133501442 0.37864116732191 0.30948622649761 0.38068810377472 0.30762353025611 0.38572307120736 0.3045230997892 0.39465282707303 0.30788295434881 0.39588672746938 0.30999405697305 0.39914686800007 0.31568474728448 0.39511154450457 
0 0.54645733013044 0.34689970458451 0.54224660155419 0.34408619418076 0.53401293406266 0.33902135819759 0.52827762997952 0.33444276810587 0.52225305240508 0.33216899529886 0.51823089417461 0.3354705284665 0.51417964961659 0.3421179272567 0.50822758576444 0.346583863524 0.502230513395 0.35631336746892 0.49941779362367 0.36772184779445 0.50529656235565 0.38694721140807 0.51287018306675 0.39197712235382 0.5159698321358 0.39873810403806 0.51838497667109 0.4022555491092 0.51911605251787 0.40755638222925 0.52093218667798 0.41706257784168 0.5221630353705 0.42971180260613 0.52430422181272 0.42402171510471 0.52504217396075 0.41813280038294 0.52490933632292 0.41460396049023 0.52405777823525 0.41041930600584 0.52405777823525 0.40411821777195 0.52352438673888 0.39903326176922 0.52453317138851 0.39477912165281 0.5198989350434 0.39161070344263 0.51728540272853 0.38374445612406 0.5131182077848 0.38099125780329 0.50974459158844 0.37776486638284 0.51105101068659 0.37159759866272 0.5076934221808 0.36917166087784 0.50815507204215 0.36129506540003 0.50978428660022 0.35634617583741 0.51508083577958 0.35014033770558 0.52613488074157 0.34494626732466 0.53214570571351 0.34600742401738 0.53390385092006 0.34855389433884 0.53447153647231 0.35073864945786 0.53603284755552 0.35161142261537 0.53728277158769 0.35206509532376 0.5375948618968 0.35474585652987 0.53976277214616 0.3578539496754 0.54176972419243 0.36190772346398 0.54515552124684 0.36287349988376 0.55166769125642 0.36698408353357 0.55503972561471 0.37111417499652 0.55068938109899 0.37639313508367 0.54586056670099 0.3828745051918 0.54410781313974 0.39863815022472 0.5506397523509 0.39942484553208 0.55276038802915 0.39548479555718 0.5553189972133 0.3926936147883 0.56105281664048 0.38582420094537 0.56651268835768 0.38962526798166 0.5727249473173 0.38997487113408 0.57250522877086 0.38052265081964 0.57145064367159 0.37196507590837 0.57193901734008 0.36843729435013 0.57074019672857 0.36484236734956 0.56865464581467 0.35717873228515 0.56260648030898 0.35748187359938 0.5586567382132 0.35472633613858 0.55150281630177 0.35332992260511 
0 0.7406423485433 0.18145628749479 0.74198533706175 0.17559781825374 0.75035027939537 0.16971653602527 0.75437480611174 0.18060242958228 0.75628937204289 0.18550947331978 0.75170476952394 0.18893330291477 0.75123544690203 0.2010576835009 0.75593532066818 0.20294504668224 0.7592196140538 0.2043643908317 0.76234520553212 0.2151275513556 0.75670523198908 0.21677196793261 0.75191995143578 0.21211706016651 0.74519338091225 0.2086880564919 0.74176177913126 0.20702235563282 0.73686428984389 0.20692416571278 0.73424770093782 0.20294964941654 0.73138231495008 0.2014769182087 0.72670611753937 0.19921114170655 0.72273505356618 0.19488984448314 0.71961633838912 0.19128280543256 0.71860755373949 0.18460165753212 0.72253970409878 0.18680710896962 0.72743719338615 0.18860886460413 0.73352123533848 0.19244779649581 0.73717184804536 0.19029349789091 
0 0.74908660276069 0.11406493993138 0.74467140712219 0.11132210863342 0.73347241257248 0.11134104106112 0.72253892270091 0.10972296525307 0.71777803596553 0.1135745782824 0.71267299319962 0.11400698558468 0.71059666278058 0.11007668415064 0.70065370122113 0.10465752220508 0.69719084465052 0.11260304611722 0.70199440991396 0.11853783303265 0.70084294201335 0.12506058354113 0.69413542270089 0.12895984049745 0.68691516353114 0.13492673022506 0.68575524310881 0.1400317647104 0.68291658092821 0.14461895727818 0.68247782602444 0.15055033400477 0.67981616370668 0.15287053805237 0.67699655438871 0.15561458202435 0.67877456032022 0.15885755401812 0.683469029222 0.17560534418773 0.68418713386414 0.19722911643441 0.68997433626782 0.19733812488456 0.69617971580728 0.19433057351344 0.69210488219701 0.18895105941528 0.68992243794727 0.17952470949894 0.68716082159661 0.17091021971186 0.68841075909129 0.16343673207344 0.68964771195008 0.15904135143731 0.68998119906707 0.15018226879553 0.68995978876544 0.14656829177455 0.69225289251307 0.1425640245205 0.69804852065814 0.13798484646519 0.70391743007099 0.13245716554158 0.7102898999922 0.13057613396825 0.71262798468233 0.12741067402251 0.71603441055497 0.12593041688067 0.72279304761917 0.12229643044189 0.7308672320095 0.12397191015225 0.73635075516401 0.12069107330309 0.74160229582608 0.12237335473549 0.74629294909737 0.12251868068568 0.75233276393028 0.12510762062857 0.75637938907746 0.13052674502519 0.75977895391427 0.12543380425361 0.7568914391014 0.11712883707829 0.75317753316708 0.11653334755126 
0 0.6962850482401 0.32270536849072 0.70323902044063 0.3233662395693 0.70980534115805 0.32705018425785 0.71263487505804 0.3274957295968 0.71526371783621 0.32987570210057 0.7208379901001 0.33347815503513 0.72207953889339 0.32994978551329 0.73093894979888 0.33315546728638 0.73092754138998 0.33053951299711 0.72135002584235 0.32600913592002 0.71604581896387 0.32223158742745 0.70446987836479 0.31794933098662 0.69818204784808 0.3176427667692 
0 0.67276372212921 0.3075916467389 0.66962211199457 0.31341154556825 0.67432651786836 0.31517896412893 0.68176050278017 0.32336329975133 0.68419932367091 0.3285418478934 0.68600708764218 0.34093223987498 0.67049813714615 0.34080124158645 0.67581228092182 0.34527987786736 0.68216035737464 0.34689852865729 0.6891929383785 0.34748649226518 0.694759616942 0.35099935251502 0.70875686149665 0.35397480107396 0.71457921330246 0.3539403464074 0.72077163513929 0.34917807648921 0.72078077749436 0.34345742591437 0.71604511570578 0.34104701036834 0.71343610635905 0.33746066763623 0.70677439088816 0.34337074700993 0.69225211111518 0.33053598521555 0.68959432898184 0.31513698352838 0.69553107743575 0.31821920627582 0.70098032553886 0.31348504101738 0.7005041278971 0.30632668785819 0.69544184179904 0.30400824382475 0.68462127852048 0.30907425573511 
0 0.72205820673155 0.37197142591518 0.71810847492019 0.35794120347261 0.71224720950049 0.35976259709113 0.71106901779274 0.37154243531855 0.71999101866758 0.37786422003062 
0 0.68020686265134 0.35101427391255 0.67550627237185 0.37817491219263 0.65833685140297 0.37806059987566 0.65325019826565 0.38409935094882 0.66175702987811 0.38802553663771 0.67043938903487 0.39157225062365 0.66971822393252 0.40089122677017 0.67745062469072 0.40216945965373 0.6794842126463 0.41324999792818 0.68612609453772 0.39049686521198 0.69659635715134 0.39322819128709 0.70245684117318 0.39985665764959 0.70632491690717 0.39227392637558 0.69855063322316 0.38682268071907 0.69151805239695 0.3839557702394 0.69147071322586 0.37479988357586 0.69738689737599 0.37810482693234 0.70984956827747 0.3814993759404 0.69974024708851 0.37100503658093 0.69661465553124 0.35513237102223 0.68840238467158 0.34750026358011 0.67747197003873 0.35219020112833 
0 0.47268851669901 0.31914830634554 0.4691111209725 0.32340187016304 0.46857390993717 0.32721269739497 0.47042597916764 0.33028280809239 0.47295481709296 0.33366018856353 0.47046028253412 0.33670619275364 0.46289197532853 0.3383420250622 0.45743750563973 0.3398555609434 0.46076533059838 0.34642887632087 0.47192540353958 0.35051240106726 0.46180771538273 0.35669695491702 0.47243362471395 0.3642239472424 0.4724405010152 0.36564681913756 0.46264630383833 0.36447089195148 0.45534054631693 0.36799690961894 0.46238531694989 0.37472919807333 0.46623433442572 0.37659411327638 0.47042824522146 0.37744454381735 0.46597412892858 0.38209074972228 0.45950774115539 0.38524423365719 0.46247228653278 0.39001625187857 0.46285462451036 0.39395456150993 0.46546128966349 0.39644940862792 0.47177584398734 0.39715908068472 0.47738909372324 0.40027810995308 0.47555233989101 0.40839812235841 0.47279916263734 0.40999902962954 0.47452519239145 0.41319837472471 0.47946011063677 0.4205238131304 0.483945498985 0.41427669995435 0.48558611365469 0.40999667777517 0.4847284596701 0.40569371351945 0.48707187194016 0.39550430419465 0.48498256194023 0.39142984584142 0.48395314838685 0.38558466457756 0.48348305942851 0.37520804790215 0.48401722301215 0.3695351275612 0.48369216149841 0.36295959033193 0.4829061533814 0.35983372803095 0.48344336441673 0.35749164650937 0.48165927680091 0.35345633477761 0.47951887994201 0.35003297555349 0.48192409253891 0.34551365219195 0.47918458974796 0.33153164276401 
0 0.3284481004086 0.36100965524674 0.32935803385864 0.35349537556019 0.33053247485662 0.34964997606899 0.33281790734556 0.34533219360586 0.33413917300323 0.32735792440245 0.33052669251239 0.32690037113435 0.32995783486333 0.33130539437341 0.32609054052722 0.33902994246605 0.32299167285604 0.35002497924863 0.32172799622136 0.35544235820219 0.32250290848862 0.36015641510575 0.32815655649438 0.36172510197198 0.32870869222903 0.35787405803028 
0 0.30761056289416 0.46762744812054 0.31536655802534 0.47309363798415 0.32450789728217 0.47101742094441 0.31646653180634 0.46409966647317 0.3070897573714 0.46762744812054 
0 0.17503351790618 0.42059035948904 0.16585935970707 0.4328480004114 0.17346345512718 0.44357150506717 0.17707859246211 0.44181444520527 0.1773716166706 0.44919503459599 0.18050330313141 0.45401468976086 0.18538094503611 0.45675812788599 0.19008269427593 0.45826824341009 0.19527852140116 0.46213939580446 0.20251981378126 0.46263893974358 0.20479188442403 0.46552253840428 0.20851876165713 0.46523315270879 0.21539303144861 0.46644916905032 0.21957929250085 0.46773540816806 0.22212071099606 0.46999765688864 0.22783663655643 0.46801903188339 0.23880824221575 0.46299148271397 0.23524655258643 0.47006891807612 0.23415916129827 0.47437751528592 0.23081759136439 0.47625052239391 0.22107496620079 0.47910192034872 0.21358143858202 0.47742762553691 0.20628333857537 0.47939931233407 0.19951205702569 0.4844808369772 0.19482984273311 0.48093236860657 0.19275038667006 0.47828888429226 0.18908609940789 0.47775030964103 0.18466893527936 0.47154798945797 0.17756696614293 0.46848870712346 0.17295601533785 0.46291340114881 0.16584677920105 0.45970946993762 0.16363839248626 0.45625975972552 0.1617497459738 0.45627811440863 0.16019305291268 0.45406407870268 0.15758902881857 0.45274233654552 0.15679885583095 0.44763668545215 0.15475569960685 0.4397967787045 0.15628492262517 0.43081082415424 0.15632535996594 0.4281052508845 0.16014154316381 0.42365765908131 0.16190693978719 0.41904920043906 0.16898495126434 0.41304561047255 0.17691371750746 0.40929958813926 0.18045219970945 0.41509432212683 0.17637424040467 0.41899299111956 0.17504797376714 0.42089587649208 0.17321012593146 0.42254945423054 
0 0.23727217028373 0.39530452591955 0.23828744053568 0.38995946648794 0.23806536934697 0.3854009847511 0.23754034603257 0.38327361487876 0.2383454202576 0.38092975681146 0.23861938045049 0.37540901385825 0.23578837589749 0.3719071026981 0.23521982877929 0.36736073301127 0.2338348811742 0.36360094101922 0.23443843090971 0.35717932024875 0.23312248071851 0.3516223587382 0.23057074777115 0.34258700461123 0.2286832811695 0.33782990877266 0.22635893500794 0.33551133313986 0.22009399929054 0.33670736868082 0.2148848102614 0.33630602473222 0.21196793008037 0.3355286192695 0.20915442884009 0.33359127923043 0.20263045972238 0.33312043798512 0.19613126091777 0.33678662617317 0.19842778931448 0.34620321589387 0.20081964825368 0.35003697370593 0.20531878102079 0.35129733246397 0.20946690985603 0.3502287545324 0.213842816176 0.3503976305739 0.21718438610988 0.34930836922143 0.2196311773207 0.35191634053472 0.22209976953263 0.3563278313733 0.22316082972654 0.36926009060223 0.22024051139479 0.37307385765213 0.2185312035119 0.37316228737652 0.21703326375808 0.37474873074326 0.21104150474279 0.37393569468681 0.2044786220102 0.37344533305021 0.19846209268182 0.37782295718584 0.19270803490446 0.383773736711 0.1992373956676 0.38531196706311 0.20947870896416 0.3876747575581 0.21431134235043 0.39427441370455 0.21925993518348 0.38500881303454 0.220087904387 0.38845733710044 0.22269035005738 0.38756561956087 0.22588236043524 0.38177501327282 0.22916516924784 0.38721426447203 0.22602770044265 0.38912573411301 0.22555768961223 0.39627948714953 0.22165679506918 0.40560764714584 0.21774980562259 0.40891835254553 0.2123051814094 0.41156418871421 0.2067660080516 0.42052146127603 0.20212950553554 0.41903085597495 0.20029962795834 0.41469003836025 0.19873605078181 0.410812065686 0.19586988332379 0.41078900614545 0.19307818308463 0.40881040242985 0.18701586383993 0.4096154307841 0.18599402982007 0.41763902855751 0.19196977017863 0.420963609898 0.1976948380943 0.42646999556798 0.20031298986224 0.43001848441626 0.20204441130539 0.43314198220793 0.2049410532811 0.43395737011875 0.20785301065543 0.43744257241849 0.21064666438932 0.43154342679117 0.22109747046 0.42130698063633 0.22889808744928 0.42101981921749 0.23001220455987 0.42872424804064 0.23160016135054 0.43620127437523 0.23482569369785 0.44222672527671 0.23865946406138 0.44683048021022 0.24281329699627 0.45077053148223 0.24504762606455 0.45240813803924 0.24639522483042 0.45548118855462 0.25527065439224 0.4456580808057 0.26092320844098 0.44360820453492 0.26618311006026 0.44012746006412 0.27134807183839 0.43861967556149 0.27399708875604 0.43747245166339 0.27681176508669 0.43334071390237 0.28907908345613 0.43555122182677 0.29616354910088 0.44216934003003 0.29928679638558 0.43708204383761 0.29792896130762 0.42848766240542 0.29662676175796 0.42359792198025 0.29379341308287 0.42129663247709 0.29041980932916 0.41431913964725 0.28866814631652 0.4122600910924 0.28755481063195 0.40813400911241 0.28292518453427 0.40610482916011 0.27192872859527 0.42300772412556 0.2648881775108 0.4287460136082 0.25791357640651 0.43392514971386 0.25599860464754 0.43193853832569 0.25291192924401 0.43274003948256 0.24744292541667 0.43509306984135 0.24926631502261 0.42252653472102 0.25057921972308 0.41392755588439 0.24561453021893 0.4107981897452 0.24458285061172 0.40725441557723 0.24144241257389 0.40689270037479 0.23965910635594 0.40092110693843 
0 0.26390947667915 0.30297577975537 0.26380687913887 0.29746137257837 0.2652128483256 0.28974953872993 0.26805916820533 0.28503489386277 0.26958344102952 0.27995912175677 0.26932206631758 0.27515957494678 0.26594353347345 0.2724120210765 0.26458944910526 0.26699346619576 0.26275879017641 0.26464455164156 0.25968391141983 0.26732648877486 0.25608182352065 0.26490866488756 0.25080394975037 0.26301553971069 0.25235260218809 0.26844444275067 0.24904502314595 0.26856274102559 0.2482235419081 0.2733801619288 0.24409033553453 0.27587324515601 0.25004771289219 0.2779219454996 0.25284746145889 0.27875273805657 0.25368762044826 0.28068089120908 0.2549974802106 0.27915525793237 0.26124022155667 0.28027379987177 0.26202927981657 0.284096621561 0.26039592115859 0.28768073003145 0.25870607012584 0.29869469924173 0.25734167387855 0.3030189362831 0.25812721058406 0.30687856449326 0.25629694490053 0.31781268824759 0.25419584162263 0.32022545564799 0.25573269495252 0.32343914705484 0.25421107888109 0.3312181405762 0.25369332713333 0.33944445679915 0.25287418526603 0.3487893149615 0.25054296286193 0.35153569290459 0.25166239344989 0.35492789005828 0.25516610335729 0.36112620225611 0.25968508614862 0.35933420681724 0.26522011532579 0.35794978774107 0.27088408069832 0.3586956783552 0.2724270260167 0.35559910929609 0.26911866557669 0.35160341344766 0.26721979061383 0.35033612958207 0.26620412966295 0.34618310753898 0.26176868093586 0.34416086555708 0.26228948531371 0.34023515023907 0.26405981762926 0.33857862161204 0.26542882669676 0.33554237761757 0.26983786417585 0.33592184932052 0.27787813569466 0.33089723004712 0.2750524447187 0.32926079634769 0.2717242367728 0.32876925877149 0.26519417291652 0.32528053143552 0.27062465659907 0.3210482519001 0.27755995048217 0.32017606670618 0.27766981502263 0.31295222840936 0.27271051716378 0.31201464780096 0.26654747588684 0.31498658244129 0.2631063559488 0.31630891256203 0.26412084480287 0.30987118158911 
0 0.52347172981826 0.08898690043916 0.51989588759171 0.08189406043087 0.51784932843149 0.087746650036 0.5215747209145 0.09555386580983 0.5185796228804 0.09919018544734 0.51788214714202 0.09396683447949 0.51592404222064 0.08900065878723 0.51081291875573 0.08393298095404 0.51207582300045 0.0901341350019 0.51290222037941 0.09721155107471 0.50660681917311 0.10191408401065 0.49754822108092 0.09956222957907 0.49306815453548 0.0968182227203 0.49023558725826 0.10147428723194 0.49756197368342 0.10886230414558 0.50165744494217 0.11297628540608 0.50589027730861 0.11708227036172 0.5133929382415 0.1266097314694 0.5218745525325 0.12503012702701 0.51220709784586 0.1155193455387 0.51142335576287 0.10922684157326 0.51909464221624 0.10700937663666 0.52276736848283 0.10536321521068 0.52459802741168 0.10283391342613 0.52639508623214 0.10269668272352 0.53368865394678 0.10034482835136 0.54202914829168 0.09760195891036 0.54861147790084 0.09334841437233 0.55139372315526 0.09211568990316 0.55635451579655 0.08984074116897 0.56496136878411 0.08778110470255 0.56495067397693 0.07801255997506 0.56026150524314 0.06820495444289 0.55999824207569 0.07706687933201 0.55484359474945 0.08183373536623 0.54826891307481 0.07436706810549 0.55062452507418 0.0810505678603 0.54854209969914 0.08584268675248 0.54268848204943 0.08693937602275 0.53240364515026 0.09169998021432 
0 0.60905158729549 0.34487853391875 0.61627568873952 0.34042294581068 0.6170570866091 0.33672747703571 0.61986371147705 0.33507094840867 0.62199271989715 0.32721269739497 0.6224360732637 0.32169701092866 0.62178970094599 0.31899037932445 0.6201636119794 0.31633360703294 0.6198568351758 0.31208980341109 0.61936768010944 0.30408738372437 0.61734854801445 0.29790177154015 0.61972556033371 0.29183375207454 0.62095111651069 0.27790007325394 0.6282392808217 0.27438440374572 0.63835705485636 0.27836233023079 0.63870805877938 0.28661275296106 0.6384203480838 0.29086808066933 0.63657374863841 0.29476439780769 0.63581524572641 0.30260548028448 0.63371368823692 0.30935612548161 0.63418829722216 0.3124050556366 0.63319249584475 0.31669426390091 0.63509714108427 0.32409484405379 0.63421963127673 0.33270815791368 0.63833643815012 0.33718162011497 0.64544230189898 0.33431365130084 0.65478469482765 0.3440087005792 0.64856102953185 0.34220400512672 0.6434147430328 0.34181242137376 0.63866758236973 0.34180323603128 0.6360082510002 0.34463276513685 0.65425131264188 0.35388578338597 0.64646405775324 0.3531484770403 0.6381357629797 0.35405511690077 0.63162970006611 0.35317034928596 0.62926720971913 0.3625966992023 0.62328154575859 0.37083853766411 0.61699988828505 0.3734837858692 0.61339045524589 0.37040732516497 0.61208942779305 0.36846657493706 0.61303179362376 0.36361705122166 0.6097505591652 0.35950871441165 0.59562967236931 0.34696404078326 0.59301692336546 0.34423083322465 0.59471168615213 0.33366018856353 0.59677434210846 0.33555671066102 0.59914213393286 0.33706908388326 
0 0.72828266588104 0.33855968918434 0.72852303834154 0.34143236170722 0.73034682101521 0.35002380332144 0.72857717473808 0.36169582138505 0.72956542312589 0.37120084083014 0.7292456606155 0.37658951492871 0.72747532560219 0.3802746477761 0.72925253691676 0.38963326428652 0.72929754543404 0.39355380552492 0.72982484722515 0.39580053200664 0.72850239496196 0.39881384542097 0.72591096706729 0.40844868722741 0.7240506150194 0.41104631038146 0.71732482518973 0.41234970807452 0.71191066143806 0.4189780568443 0.71180923599459 0.41855778046799 0.70898276362075 0.42206144443599 0.70722305561846 0.42579126136773 0.70560837506076 0.43050425993683 0.70430048517057 0.4351229491456 0.70351830588337 0.44722323989037 0.70873474793694 0.44332456035186 0.7110720792794 0.4340044072062 0.71439458310478 0.42463720642731 0.72070905944836 0.41899181519238 0.72774164045223 0.4209819432519 0.72689538653809 0.42814205740543 0.72220778060008 0.43027565969185 0.71420984652951 0.44270215263805 0.71085843106688 0.45580162871283 0.7136383321277 0.45659044066925 0.72233138342675 0.44047200672964 0.72826205144651 0.43833605258885 0.73294511068924 0.43665259522925 0.73842178680342 0.43812015235748 0.74441198302294 0.43861967556149 0.75036176594405 0.43588542033305 0.74728266763898 0.4320062608999 0.74547115295794 0.4305433007194 0.7401852307896 0.42829586868137 0.74545966640925 0.42764592278376 0.75254874230143 0.42730137610954 0.76028559702748 0.42950506371192 0.75535155347339 0.42333379768347 0.74702246214841 0.41943513974153 0.73715809544285 0.41739325977562 0.74493239401722 0.41627823438875 0.75557204879861 0.41665724694985 0.7369032034578 0.40524934213224 0.73877888563884 0.39997836611335 0.73822337515845 0.39283778346131 0.73747854670917 0.39040901156864 0.73945345168474 0.38838901573093 0.73950994675071 0.3824675167927 0.74124668165564 0.37792396933112 0.73998380118417 0.3755129658215 0.73918480709718 0.37201270095941 0.73892921185404 0.36658556181021 0.74097881846594 0.36498877028423 0.74391523352003 0.36570420438424 0.74109104199333 0.36208740513801 0.73924208356102 0.35166139952078 0.7426278805299 0.35467871108754 0.75067455951124 0.35438249502937 0.75326834670047 0.35856938377541 0.7553507720755 0.3586394690357 0.75716766324829 0.36045380709111 0.76058174682005 0.36217407097163 0.76321662043627 0.3659763139351 0.76681153491813 0.36924633225415 0.76860406167622 0.36529473402107 0.76682527207756 0.35779597646513 0.76242764300736 0.35427795510253 0.7496077951397 0.34760656739773 0.74708809956945 0.34483267275849 0.74389765206797 0.34337934434921 0.73844771448681 0.33754909736062 0.74441345280167 0.3397935764195 0.75086459547313 0.34348094445809 0.75613295136271 0.34689852865729 0.76078084699722 0.34227068019817 0.7555529826906 0.33895303682808 0.75305922952962 0.33860907812615 0.75171163076375 0.33612163934944 0.74182054025105 0.33394323423722 0.73119151213356 0.3324245242764 0.72627730080764 0.33380541557101 
0 0.75147963373627 0.30726215194136 0.74648298505925 0.29753029614207 0.74362447537276 0.29514857321938 0.7390001627806 0.29596043334865 0.73473068296101 0.29232811186356 0.72903812134134 0.29379343473014 0.72638793232688 0.29089499500541 0.72468090491977 0.29085538065572 0.7228571222461 0.28913805659316 0.71541780949609 0.28732583520669 0.71107816014781 0.28652667509103 0.70768017337216 0.28849153182626 0.70221727839765 0.28582840952794 0.69622551938236 0.28309355567127 0.69232461127793 0.28379699531398 0.68945922529019 0.28075440131272 0.68242056287178 0.28183037468798 0.678064881556 0.28139798626166 0.67466306593079 0.28349325332182 0.66836992190857 0.28097829784895 0.66522980930678 0.27791383160202 0.66209732865031 0.27749696541456 0.6561719886053 0.27429597402132 0.64932944374098 0.27454115483962 0.64368259389669 0.27198316043174 0.63996565274935 0.27007110282717 0.63740546853079 0.2696111977047 0.63584189139376 0.26569242035708 0.63058887807754 0.26105701783202 0.63517270225826 0.25164724825129 0.62986544792808 0.24345599004645 0.63367398114441 0.24061494996487 0.63579767640773 0.23324588466058 0.63392965452733 0.22662729608644 0.63996565274935 0.21441211725559 0.65116464729906 0.21157966144247 0.66449879872289 0.21394292230834 0.66705359198045 0.21469516292928 0.67017918353772 0.21362659789528 0.67694466957017 0.2159876244995 0.68294097386607 0.21872363806368 0.68450533244048 0.22218311447208 0.68737601856989 0.22302484315188 0.69913668162534 0.22830334510476 0.71081873605511 0.23048173429434 0.71706383829469 0.2320510250468 0.72331345861346 0.23399059934752 0.72617884467359 0.23618570262578 0.72958447473175 0.23685173202226 0.73158455527189 0.24028133942218 0.73424613814208 0.24264577621524 0.7373214075976 0.24459286088378 0.74023711560814 0.24546682553464 0.74467983133541 0.25175462579134 0.751718507065 0.25399910268287 0.75533700431944 0.25163926733438 0.76129672587072 0.25132458921939 0.76655132942098 0.25870281154602 0.77261855588261 0.26455553395358 0.77461104231025 0.27008027505922 0.77598606814135 0.27573366259903 0.77674761850504 0.2841724688645 0.77360835256401 0.2900596307289 0.76909773336186 0.29122003567612 0.75535155347339 0.30025244998513 0.7527463729104 0.30693477381275 0.75452435053508 0.31051312024 0.7565427012322 0.31486887212996 0.75846493999137 0.32293443910657 0.76316325096178 0.34073468410771 0.76425822379642 0.34611478616947 0.76838041011759 0.3544243580372 0.76895348731514 0.36078283151777 0.77070475622044 0.36713506011378 0.77248274893288 0.37442429243262 0.77644851508709 0.37825815564791 0.78060194163652 0.37550202969867 0.77831729054544 0.3703487639911 0.77404710746777 0.34659362371964 0.7704071999117 0.33602921147261 0.76657116149037 0.32718459273522 0.76498853364235 0.32298782620082 0.76388207423107 0.31830422581138 0.77144802187398 0.30487008085943 0.77643552819593 0.3010081007949 0.77931390114722 0.29829510497436 0.78233570722954 0.29547183560283 0.78357266005708 0.2896501728827 0.78505684717056 0.28723117306822 0.78485618419765 0.28477301487843 0.78326744604922 0.27666676082118 0.78257606521422 0.26891704788675 0.78062257054027 0.26026175342632 0.7778151799955 0.25429486369871 0.77463698471952 0.24849389729705 0.77038578961008 0.24430065854421 0.76528920014554 0.24215376828058 0.76884284137681 0.23493286980173 0.7691107045665 0.22727781900578 0.77440951979968 0.21839121966785 0.77859046724065 0.2164084888394 0.78328652801651 0.21449937105279 0.78810540879993 0.21361742566323 0.79437564188357 0.2007597202179 0.79073651572537 0.19292792756589 0.78765366671053 0.18568621517584 0.78452041753309 0.17827352297294 0.78220443238745 0.17098888924061 0.7829140979326 0.16940185791028 0.78061649142871 0.16471708159365 0.77909181211377 0.1591044987272 0.7772169260655 0.1509688464903 0.77536188752313 0.14274770434697 0.77206610758882 0.14339481707747 0.7717876173881 0.13916253754205 0.76965862075265 0.13642309756935 0.76430402909131 0.13269258616423 0.7598834896838 0.13564569210663 0.75982472856401 0.14378816472121 0.7619079352843 0.14732511851151 0.7670137452437 0.15531084003219 0.7671114199774 0.15840680338429 0.76843918672158 0.1594375213063 0.77076961224361 0.16314780676382 0.76655132942098 0.16186745724362 0.76674439739806 0.16669405037889 0.77152202025223 0.17090386970506 0.77724364987264 0.17403605200932 0.77743368583453 0.17826211647924 0.77827837693154 0.18226871844705 0.7785470215191 0.18568797906662 0.7800502747406 0.18815013540884 0.78094233434855 0.19470498872949 0.77645615709968 0.205101697196 0.77163876109395 0.20743345977707 0.76968300036618 0.21010857653269 0.76711063857953 0.21015737751091 0.76704734535209 0.21120818604439 0.7592447750652 0.22437186774354 0.75946075343636 0.22393207097594 0.75821840896351 0.22947115839326 0.75664803366502 0.23551507135156 0.75008319760355 0.2333130301029 0.74675695808878 0.23400670954997 0.7446134125165 0.23213827884401 0.73849350440196 0.23076479589067 0.73189663102784 0.22852206756137 0.72539744678427 0.22697407701362 0.72330586470991 0.22352612481295 0.71964915709964 0.2221819385449 0.71002969449505 0.21746047330006 0.70527112374025 0.21883783681312 0.70159378722623 0.21410261322021 0.69846061618858 0.21385108239511 0.69637811272637 0.21081307450987 0.69154321340835 0.20490709781049 0.68821086405375 0.20372023450158 0.68554615442905 0.20146657004946 0.68242664446398 0.20314025060006 0.67903476581737 0.20342801659584 0.67221205523328 0.20422894060228 0.65924491386721 0.20225948111544 0.65245269102568 0.20029981509543 0.64488672801371 0.20240764794463 0.63475529162338 0.19740186013805 0.62951289318395 0.20023031779873 0.62636056592387 0.20485135886187 0.62680322781699 0.22421169037976 0.62255812761093 0.24338884460412 0.62204310827509 0.24865921719598 0.62119302553278 0.25519515355237 0.62225292539429 0.25909617439948 0.6217332957979 0.26534610980078 0.62022315449706 0.27478280787636 0.62643386104404 0.27357077972567 0.63267816769941 0.27987185328462 0.63846082449344 0.28291787214967 0.6417161280181 0.28247925130926 0.64334456117831 0.28064703916063 0.64502941126469 0.28254580878799 0.65188275195934 0.28340764582267 0.65560500631114 0.2834564468009 0.65765773851452 0.28653290750512 0.66444841141747 0.28700715893927 0.66524354903238 0.28567342232481 0.67094759720073 0.28810216786792 0.67461876067158 0.28730008240132 0.6772644175784 0.28966745901234 0.68418635246627 0.29077906298134 0.68709674697131 0.2897196701794 0.68997433626782 0.29280587673107 0.69726712276882 0.29317795444095 0.70351141573796 0.29555908940004 0.71010219420871 0.29475581353923 0.71525379408326 0.29983958195009 0.71992155239697 0.29828700528631 0.7256584336793 0.30064520966528 0.73711841512404 0.30348742567404 0.74309562529463 0.30611315348784 
