0 0.47346415740159 0.66028285835614 0.47291696503589 0.66469952585757 0.47407480008247 0.6675818355633 0.47641410425363 0.66886689248734 0.47718222056161 0.67106599300777 0.4783644634987 0.67144722844369 0.4813243578638 0.67552510705164 0.48341769545494 0.67346841125451 0.48418955939982 0.66531500589201 0.48070385479022 0.66558829125693 0.47855017981308 0.66226147703185 0.47702475561345 0.66171032018787 0.4763545495074 0.65916667314454 0.47310267254286 0.65915173887546 0.47307286470952 0.66175276676744 
0 0.46152973029353 0.64088006732698 0.46077695305411 0.64092487503578 0.46078149204922 0.64798725560664 0.45746473875797 0.64551145953386 0.45608144086792 0.6386384031616 0.45993019568986 0.6379918786623 0.46130504165798 0.63974777240975 0.4613340839475 0.64058608564472 
0 0.51158232629203 0.63408403905508 0.51105806271456 0.63670459170454 0.51277450719423 0.63617060339037 0.51706346628363 0.63695494649883 0.51437254650826 0.6320560358694 0.51236106734623 0.631657514311 
0 0.511638897572 0.6742205339714 0.51166871407438 0.66843509220335 0.50519251663057 0.67179870881364 0.504967826892 0.67237973831626 0.50069265067179 0.66935384373354 0.49931928224909 0.66826634672199 0.50297692972506 0.67414480429196 0.50303805906804 0.67699501542581 
0 0.51846281698934 0.65116942620608 0.51842845167615 0.65469838231993 0.51801344665743 0.6582031188071 0.51770009947754 0.66534605035687 0.51495032928277 0.66815381053687 0.5129847193004 0.66593401370653 0.51354183214399 0.65934929456094 0.51416390925012 0.65623261843703 0.51410051983561 0.65299882001386 0.5153324754528 0.6482353761402 0.51895036768366 0.64844433831467 0.51768023160521 0.65410924302868 
0 0.51140960006024 0.63916674208277 0.51455981918595 0.63971907979828 0.51686328094742 0.64122567708547 0.51563587406195 0.64551722157469 0.5121921854246 0.64374180744404 0.51023572201369 0.64499816273208 0.50809356064955 0.64587893185213 0.50143320183531 0.6411809918709 
0 0.49987641411614 0.64852359106574 0.50355932975322 0.64700206421794 0.50069334563184 0.64347428411994 0.49599251186517 0.64701006051949 0.49710832207768 0.64739129595542 0.50026770680821 0.64822960938348 
0 0.4810943648969 0.60648421050255 0.47869690576148 0.59744545569859 0.47291696503589 0.60147853149929 0.4742612901748 0.60684593132573 0.47311644604527 0.61053563653023 0.47169871439919 0.61147496677766 0.47088177353733 0.61295875108688 0.46935558413488 0.61354094680352 0.46753363857296 0.61854440290872 0.46879540095593 0.61928852932406 0.46500244447046 0.62435971321493 0.46471202704174 0.62877520037826 0.46502232213871 0.63151628551441 0.4662787629412 0.63757971635419 0.46800976350864 0.64200437574577 0.47204954741803 0.64320899505657 0.47370792406366 0.63742578754924 0.47091159003971 0.63119584548884 0.47089703395193 0.62677588980406 0.47241712776367 0.6243677041978 0.47248592567142 0.62154960118154 0.47386076298532 0.6188256845752 0.47521580954372 0.62060909500741 0.47814588740644 0.61623617086648 0.48187695028104 0.61182526970585 0.4810943648969 0.60648421050255 
0 0.49694171892563 0.61941940452199 0.49221333803469 0.6158928002616 0.48948727102389 0.62055170978448 0.48554531028504 0.62487418114589 0.48191129688708 0.62769569966827 0.48128695028339 0.63236036569919 0.48223841756938 0.6358536911449 0.48109897327887 0.64295287822145 0.48282081759754 0.64914025173534 0.48245088949581 0.65470414891324 0.48575551271391 0.65614642300997 0.48632789564941 0.65154384590878 0.48519377293937 0.64706862166912 0.48518837310036 0.63647034209308 0.49005511496427 0.62858222559467 0.49361573104306 0.62612125141054 0.49573034576811 0.62328715047247 0.49733222903232 0.62676894657849 0.49889739980058 0.62914832191996 0.50206139250864 0.6241161787955 0.50026770680821 0.62000736788651 0.49596348719546 0.61941940452199 
0 0.51141954853213 0.63059070844788 0.5104756626864 0.63053909042726 0.5080454220959 0.62804024619118 0.50692804671266 0.62352821544583 0.50432814161517 0.62464558099554 0.50380310509422 0.62882564242759 0.50344311582661 0.63315611529663 0.50691889998797 0.63441247031726 0.51029989401357 0.6339060037528 0.51044131680196 0.63059070844788 
0 0.45722551068079 0.59090318134276 0.45385592460874 0.59171281303934 0.45219144379727 0.59502586892204 0.44748747968914 0.59950097556902 0.44392077656511 0.60506251508714 0.44020043606886 0.60883606396063 0.44175034638298 0.61678733323457 0.43883012909585 0.62116377963148 0.44020427857586 0.62942972117911 0.438835536739 0.63677232508242 0.43784125422944 0.6429953291753 0.43859551000362 0.65073080553615 0.4386383252222 0.65586619967752 0.43962116638215 0.65969489499162 0.44000478972776 0.66411614862203 0.44251227149373 0.6667367012715 0.44411258030532 0.67465009999467 0.44944245618786 0.68252210609802 0.45306801766389 0.68652648928726 0.45663935422807 0.69180322516518 0.46148542758447 0.69240612278393 0.46590046966392 0.69519318665402 0.46974765941233 0.69676645898506 0.47422231742365 0.69055721323457 0.47516384587552 0.69387826541883 0.48061439642125 0.69720860742401 0.4873886991415 0.69443636023033 0.48810780780212 0.69433993424098 0.48201905889175 0.69286426023767 0.47839889725473 0.69145867864228 0.4742765505894 0.68967985065542 0.47302856170885 0.68556763488397 0.46935558413488 0.68828344136874 0.46583316732089 0.68885647044932 0.46250717943831 0.6870558914873 0.46211666933163 0.687669137261 0.45859503510302 0.68674003383282 0.45630001696018 0.68313300001832 0.4531597366686 0.67990613956268 0.44981919278227 0.67544479125808 0.44975729835999 0.67598901013453 0.44881193521595 0.67115324676886 0.44704195384121 0.66822836428961 0.44471485800173 0.66026792849846 0.44255281731364 0.65057452953051 0.44506483017668 0.6422983574206 0.44430900923177 0.62764290055947 0.44548672991877 0.6135535348114 0.44783448607117 0.60743965671623 0.45197740670011 0.60319185670022 0.45468210818235 0.60186776323677 0.45687850406152 0.59978919520303 0.45999890668486 0.59654163843748 0.46521640330908 0.59556550168436 0.46362454641942 0.59238003384854 0.46221527509003 0.5894918402823 
0 0.43648699800121 0.55533139778929 0.43335665646468 0.55562537947156 0.4299870709956 0.55386148937799 0.42846549781383 0.55650732451834 0.43159740452114 0.55710223286852 0.4344869368407 0.55922431019014 0.43629135165518 0.55474343442477 
0 0.44979094953151 0.5582712146119 0.44523832935196 0.55745359976628 0.44762967544985 0.5597618262844 0.44822577876324 0.55621334283608 
0 0.45761680337286 0.56620872003292 0.45530269839197 0.56380630172549 0.45413875095942 0.5649811769394 0.45561752426392 0.56863289971151 0.45761680337286 0.56444482993936 
0 0.44274235159085 0.58649345610886 0.43777395188811 0.58885789819869 0.4320307144161 0.58966987558458 0.42747731973208 0.59002123629598 0.42289035953726 0.5914692786199 0.42181813192821 0.5926658955096 0.42024450927755 0.5932343445956 0.41830181936905 0.59730987135016 0.41320586540859 0.59737195427922 0.41125322950928 0.59796568567037 0.40895508932829 0.59918629758428 0.40569789078326 0.59965031825984 0.4044101465662 0.60332156141516 0.39934478453681 0.60732135849027 0.40243075340411 0.60910594484918 0.40521339218419 0.61378777940991 0.40748242018963 0.61198261433376 0.41007474128666 0.61148189910097 0.41304378482295 0.61613281243372 0.41496511735212 0.61853510762175 0.41789981254263 0.61677239345492 0.42178291558682 0.61121779160852 0.42028200245193 0.61054833653859 0.42157357400185 0.60699750827728 0.42298740012489 0.60492823006446 0.42478796512744 0.60671728494483 0.43351793964254 0.60271407768228 0.4353628063805 0.60908642446598 0.43764709480054 0.60375230336513 0.44211182256278 0.60453547054688 0.44291890284905 0.59938267734307 0.44701753717784 0.59741558716043 0.45037710598422 0.59589287967746 0.45092201207773 0.5920653558638 0.45288692741058 0.59114437007288 0.4527264273074 0.58708024354665 0.45374745827723 0.58332398715163 0.45507800991373 0.57385341969841 0.44906188492517 0.56642921307696 0.44528645835186 0.56270281895944 0.44098686395999 0.56032908638772 0.43898226369069 0.56033603129169 0.43728029704026 0.55884542660761 0.43256944618093 0.56040141281617 0.42247456453184 0.56556796436237 0.42740399148344 0.56467449525621 0.43140097558972 0.56392237253932 0.43944078045567 0.56503279330388 0.4445038729875 0.56531984382881 0.44728424227002 0.56831939765347 0.45033969030811 0.5694941484261 0.45092889882894 0.57788650209391 0.4490037388326 0.5775200833344 0.44766943078636 0.58154175264612 
0 0.4132050828232 0.5773800239588 0.4096834485946 0.57915650292919 0.40636739256248 0.57853408492723 0.39970470236149 0.57921047796469 0.39681891201479 0.58334009734741 0.39516202228135 0.58443558433304 0.39368935314269 0.5862855585439 0.3901723362567 0.58737657708237 0.38779703315878 0.59144634804927 0.39047574460246 0.59154277403861 0.39091133161627 0.59618686135229 0.38953109236774 0.59845945729142 0.38917117480007 0.60263376188872 0.39148912099884 0.6011937161486 0.39408596740535 0.60324923607096 0.39598358039686 0.59736278805163 0.3979592171492 0.5947100150106 0.3994570855366 0.59172880564245 0.40554051286649 0.59066082901411 0.40578960978797 0.59437240645522 0.41130135850919 0.59172198526759 0.4137973362703 0.59298175554059 0.41594413166767 0.58735353517224 0.42318765631585 0.58703085462404 0.42333439107167 0.58332622141236 0.42027816044821 0.58176106297554 0.41906452706516 0.57855595068784 0.41808097377922 0.57767977418016 0.4176659687605 0.57567705341853 0.41336636651014 0.57703442560757 0.41281379013114 0.57796798732332 
0 0.66441499113049 0.64802288618563 0.66361478409267 0.64129811417015 0.66179589918882 0.63503489338416 0.66163539093059 0.63226158785645 0.6603400690353 0.6311212917361 0.65718068026101 0.62485688971708 0.65605493121437 0.62056664405356 0.65409385054981 0.61846973156331 0.65224593172893 0.61565738526918 0.64925770777364 0.61478919858706 0.64521870644962 0.61035760122796 0.64074100067503 0.61053446060353 0.63879062852526 0.61000741025689 0.63722093161719 0.61089970343635 0.63468667261599 0.6074327187487 0.63099311713024 0.60674950533639 0.62373126010025 0.60766013723159 0.61960280926907 0.60736733147606 0.61629513396805 0.60995461114809 0.61296992875486 0.61102599796386 0.60943758530963 0.6138257618423 0.60591595108103 0.61588927248141 0.60262508934039 0.61467090036111 0.60242412141882 0.61187807445019 0.60448529475149 0.60581017508896 0.6092419389636 0.604359787098 0.61412392913315 0.6029552543887 0.61862457756362 0.59942982605504 0.62118707508069 0.59951590983811 0.62332925846341 0.59854788100826 0.6262730973637 0.59808045611623 0.62885093355392 0.59648883330571 0.63409511633907 0.59790136247992 0.63622202684234 0.59973639609423 0.63958166581156 0.60062645501296 0.6406981803509 0.60275088418797 0.64174371439769 0.60408873599381 0.64538915354198 0.60446197512817 0.64678239026616 0.60621093090809 0.64915379355448 0.60589624713803 0.65479316883141 0.61182186515397 0.65505376975774 0.61437809461298 0.6605799963082 0.61967776106154 0.66144514442851 0.61976501482263 0.66280621689421 0.62528987123411 0.66456703396403 0.62946417064145 0.66607491944409 0.6339267000627 0.6677302440068 0.63766344233518 0.66891485708927 0.64262902800846 0.67130994598048 0.64758426552678 0.66914258943605 0.65650930948265 0.6690921773164 0.65701343376539 
0 0.64170928064166 0.67145875252535 0.64521103711305 0.67050566393554 0.65069453450262 0.67268865426018 0.65355661892562 0.67380483981338 0.6550040755871 0.66755091291812 0.65717529374186 0.66145760915846 0.65559484927866 0.65470638317396 0.65281909724979 0.64941247876623 0.64943660678794 0.6437188768734 0.64673880026136 0.64272321973707 0.64430769882696 0.63887276040051 0.64215026749448 0.63704337618662 0.64015021407877 0.63552866500521 0.63432441385083 0.63226617397058 0.63012795635149 0.62770945801066 0.62509007557771 0.62553328806087 0.62460321671322 0.62646003589261 0.61449230430576 0.62832035193096 0.61139404876997 0.62648990443078 0.61042190906702 0.6214715196487 0.61472081923793 0.62147727629781 0.61907393807984 0.62039096060468 0.62352412222406 0.62007287243251 0.62746763566387 0.62231442390678 0.6305727778726 0.62264744634803 0.63154177507075 0.62354773582904 0.6327156531173 0.62240285359457 0.63757779055235 0.6256435846988 0.63916666079284 0.62795863687825 0.64060959168765 0.62813667218052 0.64172001499058 0.62973064082147 0.64372921172562 0.63086976101512 0.64524243180457 0.63325030702525 0.649937161524 0.63382450695274 0.65502857050901 0.63764509289539 0.65913253978758 0.64359940272075 0.66151316452612 0.65030359601899 0.66246009284092 0.65352127966416 0.66431795054286 0.65616829073123 0.66480706640794 0.66456053132171 0.66484062580742 0.66552173380575 0.66559269034257 0.67057915935424 0.66066021130805 0.67138302284591 0.65972478702203 0.67439397910463 0.65972783910495 0.67732004156551 0.65561168814436 0.6822671651896 0.6568726546616 0.68790103000611 0.65909277108176 0.68884388803364 0.6593190165106 0.69088682548839 0.66030641786378 0.69210755499497 0.65991972903629 0.69880140013826 0.65932818613361 0.70196276147675 0.65948946360296 0.70579839918463 0.65443239697843 0.69578914630524 0.65404877363282 0.69179628719766 0.65207931930486 0.68879214725887 0.65116525959928 0.6860062555539 0.64951221766041 0.68266568674801 0.64896353393518 0.69533900156474 0.64488400769864 0.69497269686283 0.64329589420937 0.68969714044667 0.64121406062309 0.68158277585059 0.63699389078721 0.68322836767364 0.63764578439573 0.68379222452597 0.63354182848646 0.68049410291235 0.62801020209698 0.67674583256271 0.62311982615507 0.67969141534738 0.62818604902836 0.68531493200894 0.62612558002252 0.69139552775309 0.63014251243927 0.69737511517026 0.62975121975709 0.69962478401313 0.62747217465898 0.70431355654139 0.62513592257074 0.70157470566597 0.62538963674587 0.69868886395313 0.6236830528418 0.69586264172395 0.62251840930255 0.69113600435598 0.61905938199206 0.68993020911848 0.62036091210139 0.68641277717544 0.62044878404795 0.68115673372334 0.62005749136577 0.67660119357504 0.61413466278521 0.67526216984167 0.61530697569064 0.68231773003767 0.61551638327197 0.68506234295392 0.61378154803624 0.6862267455716 0.61312660234481 0.69051699654145 0.61094467609042 0.68469710012111 0.61037683215004 0.67678946343877 0.60806884347278 0.67615786919819 0.60573179671985 0.67556990583367 0.60223379665821 0.67179977126815 0.60829814099033 0.66796084096551 0.61134590760673 0.66638533437374 0.61312199729814 0.66586968624582 0.61431574080596 0.66742685265134 0.62039456327291 0.67057221723525 0.62391086344137 0.66878187298698 0.62659254870944 0.67151966552837 0.63307720755564 0.67198933065208 0.63100304330593 0.66439860190779 0.62785892834605 0.65700661339053 0.62547673849693 0.64471559234375 0.62468804896672 0.63802868516799 0.6244740901281 0.63319974217718 0.62759371016607 0.63277264559998 0.62860254095927 0.63566072157354 0.63017688057459 0.63792414528442 0.6320951411819 0.64405648542878 0.63037252692062 0.65116942620608 0.63277379920987 0.65585126540844 0.63389416114923 0.65998194312519 0.63396677233931 0.66234532060551 0.63511615546396 0.6638186391671 0.63564502665319 0.6672729238464 0.63600728541836 0.66881632763927 0.63510699921519 0.67092817439861 0.64073566618985 0.67204553994831 
