0 0.63446913161649 0.31751929441467 0.63859209933553 0.30612350164707 0.63264761504271 0.31240448152609 0.63397919515226 0.31466048403648 
0 0.69830722778678 0.36266560853541 0.69981352845997 0.36570185252987 0.70586249955132 0.36177213905942 0.70226149170578 0.35778798016026 0.70164950089433 0.35521846166596 0.69914887143211 0.35345515885043 0.69575471350602 0.35317775762723 
0 0.67929497131451 0.3124050556366 0.67519419519137 0.31111260791946 0.67149473198901 0.30848629214207 0.66413474545545 0.30458866743326 0.65847726860013 0.30039485476736 0.65246801897844 0.29867694274122 0.65945932944262 0.30868373031661 0.66449801732502 0.31082944465305 0.66698873595564 0.31241247783095 0.66996397356251 0.31157310100553 0.67278966453848 0.31582254907787 0.67486678947574 0.31750212587775 0.68079899270165 0.32234012550672 0.68480287538537 0.31765652511728 
0 0.65611324013211 0.38844816486839 0.65460309796276 0.39483944671746 0.65663973337003 0.39895519186874 0.65951199565903 0.40058126398165 0.6623262782261 0.40380236372977 0.66266509234235 0.40846585576433 0.66551899178141 0.41415722575224 0.66907880605585 0.42068678552073 0.66959999843486 0.42648835100364 0.66622795406848 0.42496905307922 0.65844827873917 0.41236004490574 0.65479844743016 0.41473719304042 0.65266866939684 0.40580402698591 0.65216732452371 0.40105092929977 0.64927826218052 0.39911935130392 0.64830534369311 0.39518963783347 0.64497221294064 0.39600267388993 0.64277148398076 0.38797908751386 0.64388481966533 0.38630985887322 0.64437241193595 0.38736348963195 0.64831300139223 0.38416590842756 0.6519391563458 0.37783553960673 0.65715562491646 0.37661998367447 0.66158988887381 0.37168320616187 0.6665453578831 0.3692302220517 0.67116201277614 0.36345218623018 0.67538876326581 0.35795096366825 0.67976957914827 0.35480676955811 0.68011378490982 0.35664133356111 0.67935293780421 0.36432848716924 0.6745409465559 0.36920211739196 0.67253633534916 0.37056983830209 0.67051110835079 0.37326847360142 0.66672931185639 0.37509327740879 0.66346477492208 0.3813926017519 0.65637422702714 0.38884032466278 
0 0.5295138014092 0.43901243525157 0.53603817067428 0.44256209971018 0.54327296765588 0.43705216458285 
0 0.4959274542198 0.47742644960969 0.49105058523623 0.48457961486333 0.49538640573494 0.48525836953872 0.49883557407105 0.4829352077899 0.50068147897842 0.47750454085914 0.49566646732477 0.47742644960969 
0 0.51415981117126 0.44450048756765 0.51078088144308 0.44802944514222 0.50764920395746 0.45353926239953 0.5039314602775 0.46087504896446 0.50169713120923 0.46691202395236 0.50712801156529 0.46566835337904 0.51360047751566 0.46199475675692 0.51369127594811 0.45673178711702 0.5157226069499 0.452712467995 0.5144200166684 0.44489324725772 
0 0.62537851695156 0.52524788169412 0.61890681164597 0.52256418914627 0.61891212515148 0.52635608395051 0.62022237309919 0.52939350387215 0.62199880301589 0.53151217188332 0.62533193376836 0.53542013070082 0.62560668513525 0.53386179199382 0.62714352658919 0.53299936699555 0.62824390301169 0.52956000679441 0.62485810595728 0.52524788169412 
0 0.60197704540369 0.5142132246416 0.60393507218527 0.5004488793358 0.60133754938722 0.5064422274251 
0 0.6126037438708 0.51103575179209 0.61313713761751 0.49966230164103 0.61210927529893 0.49036282491057 0.61237401289715 0.4805626474942 0.61131335494384 0.47625052239391 0.61131335494384 0.47116441184267 0.61121646160556 0.46449242616325 0.60896916127589 0.46018030106296 0.60897524472363 0.45468308677343 0.60591450926849 0.45000007434758 0.60329792036242 0.44350484053526 0.60194954019868 0.43891600921987 0.59612187488736 0.42968428590997 0.58876876465506 0.42519764232049 0.5798613085009 0.42087635610079 0.5711941888908 0.42137587886919 0.56542606609714 0.4256179297005 0.56241643406268 0.42166986067313 0.55687648958661 0.41980601603611 0.55244220281666 0.42481524180329 0.54962338814194 0.43031246621278 0.55296950014002 0.43204531251419 0.55563265031815 0.4338287236846 0.56312767270115 0.43039053690541 0.57147424188725 0.4300838659678 0.57484175414599 0.42842110492668 0.5788121148611 0.43227838128247 0.58630862248566 0.43322123970027 0.58989514968405 0.43567410621771 0.5922949788211 0.44059947723661 0.59858968563906 0.44604272658826 0.60095372675369 0.45436605680406 0.60222271689388 0.45976803111148 0.60042643947129 0.46300300680039 0.60115440098482 0.46643318640219 0.60273250086399 0.47462445999499 0.60606336556264 0.47474158234273 0.60610455661365 0.47781920929977 0.60425482019351 0.48091402414247 0.60319336932747 0.48932237389382 0.60737432818379 0.49905364172951 0.61006873290232 0.50327733699648 0.61053195705452 0.51193027960254 0.60949035366806 0.51818315482181 0.6089760261215 0.52524788169412 0.60818243844515 0.52995736095788 0.61255717255777 0.52681539267277 0.6148372915412 0.51906733447302 0.61510054448346 0.51474262706077 
0 0.5878714182643 0.51975982937804 0.5908001646966 0.51515149694337 0.59366015903904 0.50769741210352 0.59700016609277 0.50360236327071 0.59497572049226 0.49467377408365 0.59387613741019 0.48720476421712 0.59120688228771 0.48084629073655 0.59154335221035 0.47128271011759 0.58634752521638 0.46246325622198 0.58350659698196 0.4550746705264 0.5800643049471 0.45420188709789 0.57791624220363 0.45086132341867 0.56881342586177 0.44221520119029 0.56812048223102 0.44208208623282 0.56054311081015 0.44175822530043 0.55616072912 0.44204069359587 0.55194851564266 0.43815919314006 0.54464807162676 0.4397967787045 0.5389043381323 0.44341182469484 0.53240059769857 0.44715891667329 0.52954052521634 0.45048573227543 0.52612878583818 0.45193729679393 0.52327638034593 0.45620238469785 0.51987682148369 0.45827860173759 0.5131182077848 0.46863910821056 0.5092119997361 0.47625052239391 0.50660525637734 0.4825217422357 0.50289596059674 0.48719676791226 0.50238773064636 0.4967431799943 0.50634583227808 0.49271350341493 0.50632597590904 0.49035248610883 0.50767435607278 0.48881249186593 0.50895631741761 0.48409961088956 0.51127996026238 0.47622983578943 0.51832551229322 0.47350590827226 0.52093218667798 0.46693036841647 0.52661715950667 0.46481511059414 0.53708055545863 0.45617251614732 0.54289602132359 0.45123456270753 0.54956994052766 0.44892856949563 0.55608898667398 0.44764586812105 0.56234627481184 0.44891939726357 0.5678793532661 0.45194881055244 0.5706806646993 0.4536231060079 0.57362308602859 0.45459582271518 0.5741053647937 0.45892630243169 0.57683339167979 0.4608853971237 0.5798613085009 0.46260907119305 0.5806305058434 0.46441317868194 0.58239326129738 0.46474961144988 0.58318303092839 0.47066721997335 0.5849610128366 0.47625052239391 0.58556690874467 0.48126891896723 0.58839182925858 0.48370002130592 0.58843760823793 0.49112765730989 0.58859482548929 0.49670061143017 0.58705798306152 0.50204284863653 0.58652380857576 0.50609885668676 0.58395144678911 0.51000904090473 0.58189496387595 0.51862530344377 0.58236427143642 0.52217719150933 0.58244053586849 0.52323023430447 0.58839261065647 0.51858390216225 
0 0.5290063710683 0.58247673150485 0.52848596007402 0.57463682475719 0.53142306896373 0.56924872625445 0.53421595079639 0.56366189605225 0.53338875344444 0.55667407384748 0.52920250193852 0.55727461986142 0.52712538068104 0.56200596289461 0.52253310540153 0.5578420047287 0.52097718596363 0.57025697358847 0.52327559894805 0.57695881780738 0.52452098158174 0.5806899171761 0.52644697105068 0.58280976111445 0.52797772947718 0.58321168601472 0.52874616557116 0.5797321173832 
0 0.51285722088977 0.56170162538353 0.51290300177728 0.56947145422817 0.51514952065231 0.57982631625064 0.51806680061785 0.57502840852005 0.5136775233456 0.5578420047287 0.51337841328194 0.56052569816774 
0 0.51728540272853 0.5495507694628 0.5219287722892 0.55771335829454 0.51702519723139 0.54876642600987 
0 0.59776938532829 0.55189345946519 0.5992802850762 0.55864351669873 0.59673308430095 0.57460578750803 0.59416916161129 0.57896730144121 0.59309927164826 0.58286713934049 0.58843760823793 0.5859344348333 0.59204547848135 0.57268455767141 0.59229881870517 0.55621357306745 0.59055441506662 0.53953011380889 0.59416150391216 0.52961740040838 0.5993443597015 0.52372975965854 0.60267139555059 0.53404088570426 0.6009033265911 0.5350193747158 0.59961909919245 0.53771342389911 
0 0.57901583598466 0.53661557008914 0.5774347448364 0.54182799312321 0.58084492141881 0.54366196916262 0.58313879300474 0.55492970345965 0.58096549111009 0.55924406271266 0.5811127846085 0.5652983238302 0.58142410427954 0.57267655408848 0.579582026182 0.57809688013807 0.58558449019674 0.57544069581015 0.58637504130625 0.56172232925733 0.58839261065647 0.54837484224701 0.58734490145711 0.54243665303473 0.58600871110013 0.53629172793114 0.57849464359248 0.53739873761485 
0 0.5371263357342 0.52727589419546 0.53153902840757 0.52919371384324 0.53117427188205 0.52992408221851 0.52428516502105 0.52768699833971 0.5209962613049 0.5212114025114 0.51854750742796 0.52766524368677 0.51777533920514 0.53033165858121 0.52114049811837 0.53240339880219 0.52455301889439 0.53510545258582 0.52800445328432 0.53930045522945 0.53187175712843 0.53935102009845 0.5352498868902 0.53777998137785 0.54202914829168 0.53386179199382 0.54906251069343 0.53348161473456 0.54381322614291 0.52682574926863 
0 0.5779742325982 0.52524788169412 0.57170928636642 0.52296259327691 0.56573207186625 0.52642380890991 0.55947478364286 0.52444637820031 0.55526945658837 0.53184519446241 0.55300918511082 0.5323620144607 0.55709698992574 0.53667531537924 0.55717637994929 0.53812452804337 0.56082847731212 0.53433145731194 0.56651268835768 0.53377335400858 0.57198933936288 0.53300054292274 0.58199568606134 0.53296714659065 0.58679010896971 0.52491604351843 0.58132493413009 0.52789254200243 0.57641143681956 0.52485629793126 
