0 0.41721073045091 0.53935722348131 0.41874054819218 0.54216839921596 0.41881738535817 0.54321121026736 0.41934936096723 0.55000030061934 0.41934936096723 0.55144951164747 0.42031949396953 0.55852576309412 0.41748671190034 0.55346034486566 0.41360382560765 0.54984072748033 0.41406118303103 0.54365782690845 0.41743365529181 0.53863380127021 0.41773499902917 0.5413174919371 
0 0.51272286169204 0.37472877504572 0.51109541521779 0.37936122890902 0.50777756664745 0.37988381036057 0.51477773277553 0.38643982096726 0.51685718387379 0.37558885875466 0.51246072740291 0.37512035836652 
0 0.597477253608 0.35591396083298 0.597477253608 0.34805514273871 0.59244048493997 0.35113218793288 0.59249810725072 0.35551262934871 0.597477253608 0.35512961826548 
0 0.48254750521964 0.50447220607911 0.47910354871827 0.4937430582743 0.47425429170756 0.48263150818073 0.47349324517879 0.49084687900659 0.471979627375 0.49615230370279 0.47501078133366 0.49632798702607 0.47693034424027 0.5092046103628 0.48215391019091 0.50388424313496 
0 0.49199378590909 0.53739813095141 0.48597303235883 0.5399244974926 0.48097469948484 0.53681251985904 0.47940952054459 0.54094202613804 0.47664515416884 0.54089381317784 0.47147991913915 0.54376119079142 0.46950045107068 0.54160113258178 0.46687061522543 0.54161382526095 0.45581302685445 0.55320081802867 0.4600172514071 0.55563651325956 0.46203828310955 0.55684230763496 0.46453131395853 0.55459839891952 0.46829046126394 0.5580377538628 0.47119243733743 0.55509558736461 0.47512760033524 0.55160919531147 0.48853903572429 0.54785059055725 0.50022928009621 0.54388289911779 0.49711822634873 0.537060530064 0.49081300082291 0.53681016800726 
0 0.64208495259378 0.54915856576026 0.63467811103375 0.54415970480911 0.6308090719991 0.54294815565279 0.62643876301181 0.54490618979993 0.62638112803778 0.54949159509292 0.63244721446728 0.54983719970276 0.63183918888226 0.55818356866927 0.63421305201923 0.5632708523457 0.63788686801737 0.55983256950077 0.64464866004959 0.5573717094565 0.64396144314679 0.55474303780378 0.64525211993239 0.55150007645939 0.640772706768 0.54915856576026 
0 0.63784072572868 0.52282771143456 0.63316215329253 0.51860625519481 0.63052922594074 0.52092482821019 0.63102814698655 0.52784138125722 0.6248059607726 0.53157824611867 0.63453208728178 0.53549066904279 0.63968953324894 0.5325462607363 
0 0.64313427694036 0.34062752464551 0.63949431011469 0.34524397438116 0.64571876618666 0.34029391447943 0.64344174028399 0.33988281079926 0.64313427694036 0.34141186719319 
0 0.66386335272331 0.32296852843448 0.66046629922648 0.32298863676666 0.658090888032 0.32653358285997 0.6568186180304 0.33323953525375 0.65681783084036 0.33468122035638 0.66022951246318 0.33978462099007 0.66592278569089 0.33508091755571 0.666008904281 0.33206643161722 0.66776702821823 0.32700042542583 
0 0.65992740243604 0.34415530222128 0.65678476885878 0.34061835242381 0.65205628905155 0.3402359413346 0.64732006816108 0.33990291913145 0.64684649463448 0.34723352334131 0.65206934309574 0.34962441579699 0.65835302232113 0.3523959554531 0.67121098471959 0.35121085737282 0.67960715387241 0.34425290406754 0.67644531236108 0.34261707360566 0.67384852986515 0.33943372471387 0.66833127232984 0.34298972451024 0.66333987133511 0.34411626148277 0.65914021237859 0.34611557062755 
0 0.62103374611257 0.47377184757694 0.62606436276666 0.47784043345507 0.62871420187112 0.47977893835078 0.62952831380797 0.48528651358425 0.63008493588354 0.48966401518544 0.62893870846984 0.49461583897596 0.62446463517231 0.50241315984871 0.61972228750998 0.51145192227115 0.62052254490218 0.51660588771676 0.61917109704568 0.52122221985983 0.62272494518928 0.52742569913423 0.62292946973568 0.53272430346045 0.62393501371503 0.53777020131966 0.62403797817195 0.55024606912379 0.62477211160099 0.55896791121695 0.6226603956062 0.57075010035709 0.6205348375809 0.57501976955704 0.62036337507658 0.57863362490566 0.61610768069778 0.58426983754588 0.61190880893131 0.58051462957168 0.6119802734905 0.5707466901721 0.61137146071544 0.5602506111435 0.61143679748856 0.55503008829429 0.6135539450946 0.55279194860763 0.61427650683009 0.54367051963958 0.61371383573306 0.53393927005755 0.61244691974477 0.52758997597668 0.61014454632289 0.52287592439476 0.61028057276138 0.51672406826555 0.60538913130594 0.51629003403114 0.60687046551863 0.52250502957613 0.60770457208244 0.52986257029099 0.61238929743402 0.538251390181 0.61258452056334 0.54875546550544 0.6095288062755 0.55458911609732 0.60902218299063 0.56024026299594 0.60850254662352 0.56610836151416 0.60645766306293 0.57003125027752 0.60818192412122 0.57855553704178 0.6035172721156 0.57620486119107 0.5983374829494 0.57099927904653 0.59800152218626 0.56014383707554 0.59672846651261 0.54983496544362 0.59905697464374 0.54523802884868 0.59935831099012 0.54264841215144 0.60090584788497 0.54091556780622 0.5977732370696 0.53197100535544 0.59978575518052 0.53187222758332 0.59825136435929 0.52651846463289 0.59694604583899 0.52132910368784 0.59432849337818 0.51858449266456 0.59017424354081 0.51825829873325 0.58505286387539 0.5220157346292 0.58607605348623 0.52633820290021 0.58619367132445 0.53151967743582 0.58614139025934 0.53650819768822 0.5832886135632 0.53988663267995 0.58363530363772 0.54466159722134 0.5846715490212 0.54908049141275 0.58784494821965 0.55631054701288 0.58173345245891 0.55660570441084 0.57654365444529 0.55306758562889 0.57695189119878 0.53992567341846 0.58074867769703 0.5298740943644 0.57963322938562 0.52329279011163 0.5741236861735 0.52682397787239 0.57123706023281 0.52603163131514 0.56755016570408 0.52731433895542 0.56152864525422 0.52603163131514 0.5596937052303 0.53075251098077 0.56127956730282 0.53383132006373 0.56099743839335 0.54364983061261 0.56158704373149 0.55466719757433 0.56264179966283 0.56274710174128 0.56100437667596 0.56945470043127 0.56126493658498 0.5746350001302 0.55844371519248 0.58350500910562 0.5523383479801 0.58248525246289 0.55110529350525 0.57337300298467 0.55076933154894 0.56089831110641 0.55134743316081 0.55549634289722 0.55360367724649 0.55210979401707 0.55344686899101 0.54829614886507 0.55444314754708 0.54245556031063 0.55281113431667 0.5350474551007 0.54997756505743 0.53316645158328 0.54972613655943 0.53740848652556 0.54786584906265 0.54014391790058 0.54893281714489 0.54680553805778 0.54707936749612 0.55293093600992 0.54947706963155 0.55493941742712 0.5488621167742 0.5584683710179 0.5457925479417 0.56522876894972 0.54394296622943 0.57107971237525 0.54758293296315 0.57470273994557 0.54315577619187 0.58346597462895 0.54184116882913 0.58760123550327 0.53920518426932 0.58404358316246 0.53759852940265 0.56334541281813 0.53838571944022 0.55339143561034 0.53976172762589 0.54877498587469 0.53770306823964 0.54475919906761 0.54027372651289 0.53466387557161 0.5395587900342 0.53064808876453 0.53976172762589 0.52564004799433 0.5295743864737 0.52926307565618 0.52453684254728 0.52874520554016 0.52195234021594 0.52761866856763 0.52344060170096 0.5232215290046 0.51265752491727 0.51517266928031 0.50794130217526 0.50800115966989 0.50623546136385 0.5044837384109 0.50399307182284 0.50068032381388 0.49992408651864 0.49182301506181 0.49776010110537 0.48292313779366 0.49808678497096 0.47695743072786 0.49697984773301 0.47156922085121 0.49434920667258 0.46303117596975 0.4951940190209 0.45690577817235 0.49783771804307 0.45558286158144 0.49854571676286 0.4456966177031 0.50111259553465 0.43549452013915 0.5017168331102 0.42527172628008 0.50563893836501 0.41779013318998 0.51016449400531 0.41010415354333 0.51272286169204 0.4076558758439 0.51481000756707 0.40335411457217 0.51790493384026 0.40014665920028 0.52031876344997 0.39246986241765 0.52420937149165 0.3856164489212 0.52702374346582 0.37628935778862 0.53843799929891 0.37550395690767 0.54500378352406 0.37039714608899 0.54867068285576 0.36883187117862 0.55288261117208 0.36806362711085 0.55862972819836 0.36297176225492 0.56540083314684 0.36140260678922 0.56920296112435 0.36167647992168 0.5733295575219 0.36170858269762 0.57753615507256 0.35905181340531 0.58200171528978 0.36122796992219 0.58771120463226 0.3637544585064 0.59537781772477 0.36295118355239 0.59854042054108 0.36455832142333 0.60215582694563 0.36501763806369 0.60476795964729 0.36846674619952 0.60923282282138 0.37011468869775 0.61538504022503 0.37343573850758 0.6171516397233 0.37710933088982 0.62058866886533 0.37552453561019 0.62643489311734 0.37895365300643 0.63258103677366 0.38433256177543 0.63658995947799 0.38687844132359 0.64024765099968 0.38883988570527 0.6405881763978 0.39875483335405 0.63728953526438 0.39649141126144 0.63395013054004 0.39472069107264 0.62706221753731 0.3896828005402 0.62010202798411 0.38836105987515 0.61787191860768 0.38620558777635 0.61504448943074 0.38425213974006 0.61301653045595 0.38091497974597 0.60960563602317 0.37982523784559 0.60659606323355 0.37804866046566 0.60269930294757 0.37594598743791 0.60063214190891 0.37354486442726 0.59748338175864 0.37395479218156 0.59039254309091 0.3731624417625 0.58435715692041 0.37097476087072 0.57648525634586 0.37120217330672 0.57039987235908 0.36914312707631 0.56268328457781 0.37142949140024 0.55548710813038 0.37512035836652 0.5474037685106 0.37738614383693 0.54212487211867 0.38580364506169 0.53897611196839 0.38925100056493 0.53529002625915 0.38961612554402 0.5310788640735 0.39981597794663 0.5303162343651 0.40375251825306 0.52735278890983 0.40488258300316 0.52428320991718 0.41121917708476 0.52006513081987 0.41156607521305 0.51771662806179 0.41552212498651 0.51506521457725 0.41854354888758 0.50695039700073 0.43735836262501 0.5058487936174 0.44849743791309 0.50404990694355 0.45229967658426 0.50485630441803 0.45831829088937 0.50431896849839 0.47072290701079 0.50434667758771 0.48252119752229 0.50458346435101 0.48755216993599 0.50800742613842 0.48835261400235 0.51326018782111 0.49829859516556 0.52426857826473 0.50760957634909 0.52327765336319 0.50281627554342 0.51791492123225 0.49789549619557 0.51640280788909 0.48754993567686 0.51377297322869 0.47577221505498 0.51619373021511 0.45870869828429 0.52013583046309 0.443891336325 0.52241977366024 0.43626051824343 0.52439310164642 0.4338501054185 0.52580910920717 0.42920602142517 0.53192288923178 0.41556116572502 0.53323592221444 0.4068727092023 0.53615332721268 0.40540963297298 0.53789986574903 0.40113654271919 0.539428903678 0.40022826845487 0.54020381355098 0.39773859822706 0.54323339312957 0.39482865209739 0.55025197950453 0.39043845049693 0.55313247610141 0.38687163218266 0.55713682229211 0.38604706172057 0.55942999656105 0.38177634543739 0.56256339553509 0.38139274705469 0.57343338788786 0.37486201898147 0.58409423544122 0.3794324785989 0.59027571233665 0.37713919940662 0.59222211842354 0.38132725935199 0.59512259883597 0.38334267868103 0.60272544972105 0.38451978046548 0.60587955069934 0.38489290174041 0.60664218040774 0.38752956270054 0.60871390714861 0.38894902280444 0.61427808121016 0.39235850223884 0.61923485943872 0.40148108900446 0.62501661282665 0.40450934413565 0.62817845303879 0.40295324144698 0.63003337493608 0.40266502201904 0.63106507897947 0.39981822310798 0.6368290290924 0.40570596628935 0.63369412348679 0.4137709361979 0.62711526146681 0.41316110104764 0.62403797817195 0.41117449190214 0.62090307256634 0.41068295489325 0.61625219638637 0.40570479036349 0.60750777457305 0.39415225954353 0.60292916243854 0.39395705585101 0.59852579076453 0.39127218193067 0.59374501627022 0.39050734861488 0.58935627437277 0.38884106163116 0.58415342053847 0.38797747286008 0.57996227482964 0.38604588579468 0.57141621341659 0.38681989144488 0.56658695997411 0.38713339327878 0.56276397155666 0.38891456817679 0.550764755095 0.39688875660906 0.54898051015585 0.40153848504651 0.54867531657828 0.40505825555666 0.5468149503625 0.40668657086283 0.5452728450789 0.41040731787199 0.54316192683369 0.41236182424155 0.53891305804638 0.42092515152898 0.53738252445634 0.42411883828005 0.53475110559875 0.42879268348587 0.53286311931202 0.43404530911102 0.53029167403593 0.43942422917338 0.52952290424524 0.44410722652931 0.5275495864242 0.44870416567903 0.52374430968646 0.45780959478727 0.52458840349474 0.47079299219196 0.52406563059079 0.47499716232159 0.52533788712951 0.47664391993258 0.5256330833936 0.48088596383623 0.52604667303934 0.48746491623729 0.52760641137978 0.49085263244086 0.53062371079378 0.49856389245359 0.53923745906086 0.50251311354921 0.53666067119189 0.49616488610948 0.53760545667498 0.48676676905504 0.53786066368516 0.48092723883387 0.53791215634053 0.4753887456325 0.54158675952873 0.46144297050514 0.54150984054231 0.44839183977099 0.54526057552687 0.44647860839907 0.54609230990801 0.44064719206632 0.54794189162028 0.43088959447691 0.55223687918426 0.42087352838379 0.55812387988021 0.41428763802017 0.56230275691365 0.40646149865349 0.56776774503047 0.40991930864068 0.57419593887725 0.40913614201886 0.57701031211418 0.40981252392304 0.58043504967701 0.40806816615408 0.58326326604399 0.40737107730511 0.58645659280364 0.40647184680105 0.58958385101263 0.40884098462835 0.59301624755241 0.41000879659852 0.59851963872409 0.41118472245711 0.6050224703087 0.40969306050548 0.61032906366769 0.41580928608118 0.61562260179433 0.42014092657388 0.61963538172984 0.41892594955733 0.62273801254391 0.42285214123345 0.62870272161705 0.42607793080995 0.63473810778755 0.42764544001905 0.64025535244992 0.42802668538159 0.64128932656427 0.43531883681588 0.63113041575424 0.43969868037409 0.62687312181126 0.43626968048382 0.61946936335091 0.43458047296927 0.61398674217726 0.43240653883449 0.6078713776514 0.43432894242811 0.60534915418255 0.42655795398421 0.59354130332073 0.42215974575015 0.59007198755493 0.42176698650346 0.58809709688337 0.42147065317961 0.58694164765154 0.41979755622318 0.58015292076755 0.42137422725677 0.57496927437016 0.41832647297408 0.56835200867224 0.42051181358968 0.5657213658088 0.42395339580002 0.56259181309545 0.42616754659916 0.5592131934542 0.43437597946246 0.5602171866185 0.44215849197978 0.5555463048212 0.44701835836816 0.55208315175483 0.45234105959916 0.55212690873601 0.45985594096638 0.55186556164354 0.46285549264648 0.55257206470226 0.46338489446801 0.54840546783341 0.47506371972518 0.55046877164088 0.48365008637505 0.54400751581251 0.48721691347371 0.54638215327984 0.49820216924272 0.54946478946696 0.50645317903887 0.55487593378521 0.5060994605406 0.55816851355534 0.5103679538147 0.55995118411442 0.5064404790396 0.56278247052254 0.50483275320573 0.56420075081323 0.50684241049806 0.56673148806501 0.50689297530998 0.57623389516551 0.51111666580886 0.58256062021645 0.50414718843017 0.58713616230982 0.50569411889715 0.58936469730618 0.50117985711861 0.59265184546505 0.50225582927922 0.5956345872364 0.49943772295911 0.5976817536481 0.50185624967247 0.6013401406287 0.49948711184517 0.60638539901748 0.50155192006027 0.60923282282138 0.50063211085368 0.61111546651523 0.50213071076786 0.6134324816718 0.50008777477374 0.61557647245813 0.49858341282284 0.61951778802667 0.48927360780038 
0 0.68879208746279 0.5048729698701 0.6852189389248 0.50315846996827 0.67681505552172 0.49454916397978 0.67497011823067 0.49224905300037 0.67228107706234 0.49063438920394 0.66985873587873 0.48337445813818 0.66459211965139 0.47948260502693 0.66049629116691 0.4726578930111 0.66042709716261 0.47162554769984 0.65730291078449 0.46471815920648 0.65591996188351 0.46067932425257 0.6544162848438 0.45623973376605 0.65206162863337 0.45938627617846 0.65223772304477 0.4695951941124 0.6507378898662 0.47314484390914 0.65278962198011 0.47554608451238 0.64970777298303 0.48487187337299 0.6437238822934 0.49038062440366 0.64680115248832 0.49546673892723 0.64969471887919 0.49201939468019 0.65310403901803 0.49088015770839 0.65910636320612 0.48659790610175 0.65548023752852 0.4955701028102 0.6505264506221 0.50048512012135 0.66181003262061 0.49709516105621 0.66673689762774 0.50062176270612 0.67102495791939 0.50419540139038 0.66872565453866 0.50553219390642 0.66581675119283 0.51065840750177 0.66465054278077 0.52214097073314 0.67139777112118 0.51810672189008 0.67442508172418 0.50691472993836 0.67753383874503 0.50888887426977 0.67494319633139 0.51307811014099 0.67428825422013 0.51817339688626 0.67511999921383 0.52644156678318 0.68184645936584 0.52171258094286 0.68217322195044 0.5290816379283 0.68137296455825 0.53909088365145 0.68774118873608 0.53579158847 0.68806865979998 0.52389686322519 0.69220140760162 0.52250267772436 0.69956209244232 0.52361311231551 0.70253869413138 0.52217307350908 0.70427296713269 0.51896914591477 0.70583812245484 0.51809295564325 0.70742015298239 0.509089839999 0.7066460155904 0.49740172492754 0.70328203768385 0.48762684122802 0.70217965675524 0.47582854190361 0.69896634702189 0.46889010896759 0.69658478228223 0.45988580009847 0.69488429436307 0.45085963777783 0.69043871734491 0.44508794872015 0.6883054323431 0.44338498265029 0.69032725123559 0.45239610250466 0.69476134966846 0.46645217025872 0.69751494048944 0.47457571049387 0.698947848056 0.48330671601567 0.6961589124719 0.51459623042443 0.69745117809479 0.50760722449731 0.69923619576677 0.50213071076786 0.69823836815224 0.49860410911795 0.69818529706661 0.49388088531434 0.69586985629011 0.48696996904341 0.6940971043255 0.47977893835078 0.69346829692349 0.47633148539333 0.69146725984799 0.47417142718369 0.68978141366354 0.46693101648718 0.68722304604144 0.46189887696051 0.68148364347753 0.45239963028224 0.68144366827645 0.45626042058485 0.68271055787008 0.46026704464655 0.68354389134974 0.46842961640136 0.68743448528553 0.4731149663418 0.68936018827444 0.48049202867361 0.69068778427279 0.4838958548857 0.69279337452483 0.4863463755606 0.69503039683404 0.49397731123474 0.69172175838714 0.50872694927904 
