0 0.53575578868222 0.43320210672555 0.53165529067969 0.43898473377667 0.53262271807427 0.43123148620451 0.5318319929732 0.43045690228207 0.52956861792712 0.43032084738633 0.53109449050874 0.42497576788162 
0 0.4989066487816 0.45273237842816 0.49659727304961 0.44831172609362 0.49735542087311 0.44175861594637 0.49444583823922 0.4402766085257 0.49214297796274 0.44404957423866 0.49214910092094 0.44260776864082 0.49078839121162 0.43547811580688 0.48974238585356 0.44448831305977 0.49210271194178 0.44804537835044 0.49500122194716 0.44842085223299 0.49808295390564 0.45502510033558 0.49864524556642 0.45116429278413 
0 0.48295532219442 0.44371713932919 0.48399787357607 0.45351614923604 0.48456095023148 0.45815154070991 0.48866914529882 0.45344959169845 0.48709224394826 0.44652890131026 0.48571120287776 0.44590989269212 0.48401781243993 0.43673788771534 
0 0.54914630575415 0.40922246074914 0.54596189649673 0.40615399363634 0.54332321551318 0.40185456485662 0.5424408815376 0.40644115530912 0.54421441992819 0.40955548362273 0.54516920890906 0.40965367362959 0.55042043055465 0.40958535219966 0.54862311245836 0.40961461707797 
0 0.52533389088469 0.36948208394594 0.5297966588701 0.37473754237336 0.52690583760812 0.37786455417521 0.5227121607418 0.37526810458672 
0 0.53449320857788 0.38060859922707 0.53348589818063 0.38054768614496 0.53035973552551 0.37685515392265 0.53113091426004 0.38172361437091 0.53760712004166 0.38295245936703 0.53423140759043 0.38178452745302 
0 0.54258539905086 0.38186202112311 0.54282074044399 0.37910882036769 0.5417804655468 0.37635561961227 0.53950366709237 0.38211813829072 0.54308253615649 0.39271701457686 
0 0.55936426698773 0.44801550977351 0.55669497121321 0.44417645689424 0.55971500259297 0.43915641929766 
0 0.55176309109847 0.44097252284982 0.53860908720041 0.44391409243899 0.53585469800689 0.44573538494339 0.53535520591733 0.45165065669839 0.532322222126 0.45379119884809 0.53107879061593 0.45986028201504 0.53711492840226 0.45705487004639 0.54312814983817 0.45078129296094 0.54573880101999 0.44674938785262 0.54940621747952 0.44646175580856 0.55182784744506 0.446175770064 0.55097809643844 0.44097252284982 
0 0.57112655437735 0.44097252284982 0.57003948759922 0.43554420297318 0.56907818316283 0.43543682564395 0.56846416035527 0.43280934669809 0.56593820460205 0.43280193835026 0.56484541356343 0.43979659462387 0.5659328666385 0.44679419071803 0.57112576938269 0.4456750598254 0.5708643661609 0.44097252284982 
0 0.51021661605915 0.41896408535856 0.50669222562307 0.4181602208233 0.50336863681594 0.42302186088785 0.4997498900241 0.42098291893687 0.49655857281385 0.4229523635297 0.49320852968735 0.42421554563001 0.48948789472923 0.4256929818531 0.48582353965622 0.4245095276865 0.48269698045834 0.4220618176641 0.47927565981851 0.42059933114957 0.47801919739741 0.41662197355343 0.47793292648645 0.41400366732303 0.47614682818161 0.40883087664989 0.47429698831199 0.40491090405534 0.47427171148458 0.39477888712825 0.47143450535651 0.39017618645905 0.46565670930628 0.38885902925316 0.46516530266152 0.38339919450007 0.46434812324107 0.3811156594781 0.46438030802132 0.37793171621351 0.46301920581468 0.37361394295347 0.45891258485396 0.3734938806816 0.46719333631446 0.3677715619569 0.45603322451372 0.36890846615732 0.45595425405292 0.37191719611624 0.45647133002242 0.37832506420509 0.45647745298061 0.3805494500373 0.45524744487889 0.38682126323041 0.46014102296641 0.38537322521298 0.45681821915392 0.38891994233527 0.46432622189061 0.39890263223101 0.46642176508261 0.40811367802489 0.46697102583236 0.41289958831169 0.47011673485402 0.41865916716957 0.47249628910684 0.42608680021597 0.47088414561427 0.42773592196004 0.4706460567399 0.43036906044359 0.46959432092097 0.43587722584677 0.47156371547429 0.44029495300602 0.47484821154834 0.43802529393712 0.48088089535824 0.43320034283322 0.48746440990718 0.43305629162554 0.49504683013576 0.43196644134572 0.50180516299106 0.42959800430584 0.51041899234418 0.43021630736704 0.51459233318254 0.42908576997061 0.52435264755965 0.4252823477166 0.52611393501509 0.42253149881763 0.52820712322317 0.4225573692386 0.53266675627359 0.42094270219155 0.53157710521353 0.40732074962213 0.52847582688851 0.40569585199951 0.52537376356885 0.40653816938776 0.52450446050429 0.41229033989782 0.52188579688406 0.41698147036961 0.51965421412091 0.41614773725741 0.51713328233339 0.41756531873379 
0 0.55725805371865 0.55895750554648 0.55248983342514 0.55965401979651 0.54832104088891 0.555105882197 0.54417414970315 0.55229469604992 0.54182685873004 0.55778157729082 0.54763377808142 0.55826160318417 0.55172438515148 0.5617497590808 0.55180257061765 0.56712927793606 0.55668924075233 0.56712927793606 0.55751984358112 0.55778157729082 
0 0.57845290953938 0.58247607065963 0.57478399520456 0.58452360825433 0.57475024043504 0.5812415925757 0.57475715467997 0.57940655657911 0.57200888837522 0.57840971075156 0.57139485934498 0.57384606236987 0.56877157039727 0.57709256501608 0.5666327678597 0.57512534313351 0.56379980070269 0.57267706050523 0.55389615132305 0.57260816272641 0.5612412676719 0.57679623110314 0.56477452854742 0.57933987000179 0.56851016717548 0.58091550767865 0.57144698298909 0.58992204837445 0.57876493852339 0.59065935539075 0.58450364837886 0.59221770663673 0.58766355926519 0.59611755500527 0.59174568839314 0.59973494541394 0.59473463398515 0.60433988034677 0.59620116097196 0.59822364245795 0.59250540620592 0.59312599359845 0.58996642621799 0.58796412782878 0.58604756929888 0.58529760421265 0.58059169955059 0.58554337321188 0.57766791487935 0.58404358302442 
0 0.53793980077018 0.52139437181544 0.53444759511434 0.53341035920667 0.5310987294798 0.53498939562848 0.53007227048827 0.53781091781383 0.52841679529157 0.53716098228334 0.52526952132257 0.53810313597798 0.5232231137531 0.53895874135518 0.52247030389315 0.54203520477991 0.51885312709059 0.54531381026669 0.51638007997612 0.55113430220668 0.51414661322583 0.54513295250553 0.50941898300525 0.5545989395388 0.50493784110169 0.56398625697374 0.49999213937006 0.56834659883557 0.49865136852461 0.57251973292382 0.49622589208533 0.5731306276372 0.49390960840051 0.58210284240839 0.49759767456196 0.58522068720833 0.50210408895005 0.58669978102928 0.50566458913959 0.58279993266073 0.50668610266487 0.57602917312135 0.51173526669008 0.56863140865189 0.51642035020116 0.56212241073561 0.52188038042104 0.5578407384721 0.52345884764355 0.56294403178708 0.52901205672723 0.56482798639788 0.53136468566389 0.56834777476379 0.52806912116542 0.57317778235906 0.5250724876629 0.57739912950458 0.52270682277824 0.57914348998309 0.52194058950995 0.58237729268615 0.51858866239631 0.58819497376857 0.51383536285099 0.58852458645031 0.51273566385954 0.59376569855337 0.50896054613538 0.59668598770099 0.50754386630822 0.59972341038536 0.50836646219168 0.60522982282817 0.51473842068508 0.60236126351378 0.5203050531771 0.59885182331626 0.52742942903313 0.5966079170755 0.53026734165636 0.59228661603077 0.52949655541915 0.58647129817497 0.53500297882227 0.58122207216715 0.53733307841277 0.5711555385889 0.53505627995834 0.56948348624442 0.53428392373185 0.56254327544768 0.53657296810267 0.55665738987841 0.54024305354398 0.55534071506373 0.54182725122736 0.54799292754387 0.54976189855099 0.53545847339781 0.55296169370336 0.52789760768341 0.55830978368755 0.52524599431329 0.56039803235876 0.52175843919419 0.5632183551727 0.52180665225145 0.5666795596283 0.51749346511149 0.56824719396437 0.51435785249699 0.56981796827908 0.50994118367314 0.57289200736775 0.50559060201559 0.57295330920416 0.50133819694751 0.57453939087468 0.49780923625228 0.57348153835743 0.49389221923269 0.57170838620428 0.49185270292309 0.57082526723405 0.48532477256237 0.56535024361654 0.4837584361654 0.5663774876027 0.49391739770222 0.56096761854033 0.49242855497534 0.55835044640991 0.50101612362382 0.55467502300505 0.51579954050201 0.55543929378675 0.50321863719102 0.55778776225182 0.4891959282822 0.56250424554851 0.48262836914026 0.5640221111848 0.47082204975171 0.5596003933755 0.46997691013572 0.55957433155344 0.47854425281871 0.55546614060344 0.48013128555246 0.55441935025074 0.46611833684791 0.5624521219044 0.46415688856702 0.55667660233862 0.4590237266751 0.55589003770915 0.45675912409757 0.55385054313445 0.45587658996399 0.55198618086399 0.45201460648432 0.54859704500441 0.4566499979582 0.5499386008445 0.46329681466256 0.54495490537229 0.46613844522057 0.54628688427777 0.47309406067707 0.53949911952487 0.4822075044282 0.53939981230148 0.49086739266257 0.54492044410758 0.49042347975727 0.54306989774279 0.49624114946952 0.54123238773421 0.49772199588446 0.54046614902072 0.50085643257073 0.53678382299584 0.50376697252278 0.54020513830285 0.50766623292722 0.54147957710121 0.51125152049532 0.54359427416244 0.51240099033618 0.54152863926622 0.51803368653849 
0 0.46018050819681 0.75886530900826 0.46228060435772 0.75495511938304 0.46305869451545 0.75024222710953 0.46492917627375 0.73971626550294 0.46725158291677 0.73653185186706 0.46509481014283 0.73347373292266 0.46222926570826 0.72483230676143 0.46044230731358 0.72123560482722 0.45944763720072 0.71575790382741 0.460186631155 0.70830039401499 0.45651199274478 0.70595654206411 0.45834181525108 0.7015686834818 0.45756373189526 0.69610931909999 0.45363875859513 0.7007739911867 0.44993766263314 0.70284103782227 0.45002040106821 0.70941541734792 0.44651555699867 0.70877124386575 0.44706403275377 0.71528823809397 0.44478268133043 0.71999877138148 0.44919058323406 0.72242882706041 0.45022473517306 0.72477256960755 0.44552819376773 0.72495401533282 0.44347448776255 0.73215081366846 0.45076057251445 0.7353272309924 0.45128989440034 0.74312010734578 0.45341683737795 0.7490089207157 0.45335780578101 0.75612186838781 0.45552227150242 0.76312687300677 0.46122730197361 0.75729779664347 
0 0.38377917931911 0.61349000247434 0.38094660458787 0.61544111317104 0.3785548828577 0.62056627875102 0.37477018810331 0.62469931368677 0.3766349429182 0.63012528170696 0.37151560024284 0.63729338739389 0.37430986723467 0.63779173580576 0.37013919060595 0.64635744215952 0.36257859303737 0.64480144413774 0.36002814538694 0.65147578735579 0.3618338686034 0.65689140720759 0.36598115239125 0.6556856104047 0.36911422307835 0.65019189926167 0.37407758731477 0.64729689121923 0.37932606161171 0.64950280530385 0.38162279898801 0.64136890955947 0.3775414547516 0.6397119189762 0.38061855531944 0.63654808408428 0.38206435848428 0.62723261586394 0.38567768890438 0.62178124779408 0.38843937861782 0.61586256584722 0.39196267015042 0.60557436979837 0.39005419113296 0.60403553929885 0.38822852905214 0.60522182651623 0.38494787936895 0.60774019440493 
0 0.41539632847523 0.64485883922837 0.41072663085909 0.64284117173555 0.41093512543553 0.63626562612441 0.41151272449179 0.63123806258718 0.41334835595842 0.62871969469848 0.40937777456885 0.62447882714441 0.40527649157168 0.61924453542505 0.40392229929432 0.61579482185543 0.40110314797177 0.61343956573765 0.39894480515403 0.61108993290454 0.39581094947227 0.61147353133668 0.39087867102439 0.61624615363452 0.39087867102439 0.61847853577867 0.39406198136973 0.61920667053618 0.39580561150858 0.6220648713146 0.40214993835092 0.62548471614889 0.40367965744491 0.6350082060724 0.3997359227724 0.64088089933337 0.40390887588564 0.6443879975667 0.40600975506508 0.65224742185256 0.40758665229831 0.66304668591351 0.41274124110369 0.65958087265316 0.41407282751186 0.65885167956025 0.41401685739401 0.65450862384334 0.41183512179051 0.65243581515946 
0 0.41491222228062 0.67302254634526 0.41702456435792 0.66594864158951 0.41312526048168 0.66198105975515 0.41255723836003 0.66083382417791 0.41124904695368 0.66400670440913 0.41106425705384 0.66608187425751 0.4099416362189 0.6667524968861 0.40835822353016 0.67029745935472 0.41054105812615 0.672513848875 0.41333383355758 0.67971299906709 0.41465081906543 0.67223820219874 
0 0.42590214724336 0.7106522505263 0.42690945236566 0.70640104293352 0.42512217656887 0.69889296796973 0.42248694956173 0.69614036360516 0.4206233722859 0.70079351159525 0.41489919136959 0.70135972103604 0.41596592058615 0.70908356223326 0.42668714188356 0.70908473816151 
0 0.43087391345435 0.7455385140869 0.42906088717605 0.73728750334506 0.42550125048062 0.73054660475552 0.42256513502789 0.73223818513565 0.42224391522112 0.72831187838202 0.420930776187 0.72006085249982 0.41805338066679 0.73682583392355 0.42119217940219 0.73769061154092 0.42350273262614 0.74366785471343 0.42558862038407 0.74598866666016 0.42671320370562 0.75105186082264 0.43323729416029 0.75259068049912 0.43661073012706 0.75982310946001 0.43053542110819 0.76673274612288 0.43479810175983 0.767488390907 0.43663906843358 0.76831636866476 0.43866482560207 0.76364487619435 0.44442158379594 0.75485869326851 0.44293017247903 0.75021118973391 0.44133451387391 0.74868165989041 0.4413011516017 0.74482191067437 0.43530944451201 0.74788002961878 0.43008891879432 0.74593009819603 
0 0.4999534435367 0.5029057093123 0.50146518181239 0.49431250958614 0.5055809872104 0.48424480007966 0.50832658446395 0.47555445530423 0.50886281430267 0.46643301524117 0.50446676581811 0.47155641692882 0.4999534435367 0.47348740866866 0.48922530988406 0.46967481417448 0.48472501411128 0.47032308920454 0.48225809391038 0.47619063247447 0.48736667807447 0.47944630736084 0.48212738834741 0.4864427137331 0.48581741265258 0.49115561267075 0.49074317552035 0.49330072732009 0.48530033668308 0.49545915719926 0.48063063906695 0.50127670931869 0.48563874787247 0.50249344225408 0.4888979671191 0.50531672833176 0.4905707121979 0.50801077989742 0.48403657381183 0.50832769255431 0.4808663729574 0.5051599637784 0.48246658453144 0.51381410328531 0.49337220106983 0.51589091012516 0.49210349693644 0.52016917219682 0.49029046911135 0.51660575689372 0.4879094233687 0.52387603789545 0.49418828149777 0.52482808223521 0.49184169701984 0.53036376435888 0.49315640604324 0.53464426069416 0.49864524556642 0.53504735632419 0.50498423428493 0.53300043062711 0.51206103946576 0.52847181343615 0.51281384932571 0.52569627004443 0.51455441794141 0.50613094103541 0.51219864902619 0.51042354943143 0.51120515980955 0.52190143206647 0.50576153597765 0.52634620557492 0.50565273572052 0.52248422209525 0.50689192825953 0.520457392205 0.50727516264288 0.51739809733236 0.5093078277642 0.51341322935308 0.50890229953307 0.50906958567207 0.50807632817266 0.49928315819723 0.50559982708177 0.50612858917896 0.50395699029877 0.51820196186762 0.50100101448164 0.5205635785238 0.50021523484681 0.51435032655634 0.50021523484681 0.5029057093123 
0 0.39371736871398 0.51856426535404 0.39262614763707 0.51159712580092 0.39210294869617 0.5108121937101 0.38901580019668 0.50800842804097 0.39032941026077 0.50203412468902 0.39669139948295 0.4985585512244 0.39579218809989 0.49429122528525 0.39691559395786 0.48964666157121 0.40157995372827 0.48719720307655 0.40475290014667 0.48253535321759 0.4018678112701 0.48128886929808 0.39872861762466 0.47737690886881 0.388733359118 0.47941526285567 0.38490729514503 0.47539652814349 0.38346188447752 0.48105343453742 0.3811513311952 0.48449339130662 0.37284255521615 0.47476152690147 0.36983524067359 0.46947220174115 0.36964354497761 0.47866019934179 0.36596851397723 0.47776906691937 0.36152646469453 0.47585935943218 0.36021097064326 0.48801022609789 0.36081926300531 0.49828702939703 0.35398509949512 0.50283740126017 0.35603762503269 0.50926420179346 0.35887137725592 0.5170834189391 0.36262498622177 0.5236211095041 0.36526861273835 0.52080758363069 0.36860256355895 0.52071115751616 0.37436693634645 0.51388242471524 0.374870196423 0.50768810519222 0.37928045342196 0.50610048449436 0.3796269500649 0.51107807108199 0.38250552548321 0.51737116857599 0.38592488372282 0.52124114836759 0.38926228851993 0.52684691581353 0.3894662301326 0.53357687064347 0.39265142446513 0.53686241410677 0.39581016447761 0.53424350435476 0.39659060616861 0.53178604954817 0.39864352420351 0.53027533455629 0.396724761756 0.52384042011824 
0 0.43218210436493 0.45237926182719 0.42777341746666 0.44679360275392 0.42795011976017 0.43947391991866 0.42480244825191 0.43203770259622 0.42151300671164 0.43149736357639 0.41884331843979 0.42920465631426 0.41366306030968 0.4343108894498 0.41547451394139 0.44326699400429 0.41652091179677 0.4471869507455 0.41573670215122 0.45502392440735 0.41958348988603 0.45671032307619 0.41800659265281 0.46246366951448 0.41413028911952 0.45507625321341 0.41048516650777 0.45835191887962 0.40655250035932 0.45621937304185 0.4041384868237 0.46009288061814 0.39999120303584 0.46997971815389 0.40568853525832 0.47391062523718 0.41251853812427 0.47552517469141 0.41643848735955 0.48050111497952 0.42015841996051 0.47435959463384 0.42326699873569 0.48002733349728 0.42275792971152 0.4868550079628 0.42375683539117 0.49341845135595 0.42348043877836 0.4983019501914 0.42690521339461 0.50179635200173 0.42751774471235 0.50519207993981 0.42856453506505 0.51401612775453 0.43222158959534 0.51970115276289 0.43303225356027 0.53115845665398 0.4313963247301 0.53270468467828 0.42904824876234 0.53548775401064 0.42648477026532 0.53700880465463 0.42489327213178 0.53939677461934 0.41988398821398 0.54609180438097 0.41726226073497 0.54641330315795 0.41633730155043 0.5411395002502 0.41616907719904 0.54204837517604 0.41259593859579 0.54294760749043 0.41072584586445 0.54806983324985 0.40422970121898 0.54960982885455 0.40385675224021 0.55108714748481 0.40340404581977 0.54808252103816 0.40150404474465 0.54613942947413 0.39737442333664 0.5455428810851 0.38827452973922 0.54645528379562 0.38772605397025 0.55184338692692 0.40081489793261 0.55654945168718 0.40627115828027 0.5546390386913 0.41094164089104 0.55628239838707 0.411027911802 0.56646499608122 0.41094854884388 0.57261615903835 0.40789287870745 0.57535501346941 0.41440244676128 0.57753812422089 0.41574282510941 0.58350618381159 0.41966701331575 0.58097865502438 0.42485457440127 0.57856470956215 0.42644450004028 0.57470625386716 0.42405120838125 0.57191342433052 0.42563462106999 0.56914011520244 0.42852504983465 0.56767020492 0.43035259585649 0.57346258058001 0.43479810175983 0.579345643497 0.43662643001987 0.5743250179363 0.43846127649186 0.57071796403131 0.43977716300722 0.56599356645544 0.44258022186844 0.56402470982673 0.44835998040527 0.56633752546153 0.45306994824645 0.55972175326233 0.45229186155909 0.5550496728278 0.45130331780869 0.54884782736414 0.44996945491606 0.54522996658417 0.45201742743287 0.54457191714893 0.45303854846084 0.54769718159504 0.45592858801843 0.54961782516649 0.45833529979556 0.55348956885043 0.46108160354429 0.55582248081689 0.46167961246119 0.55976079407943 0.46279077237439 0.56367099061636 0.4683696507828 0.56354810611675 0.46933943679032 0.56596486202194 0.47092206085539 0.56637656627863 0.47321149772353 0.57073749610457 0.48053706770584 0.58047794478577 0.48165788305311 0.5711107240687 0.48247506247355 0.56655224995559 0.48394614242928 0.56412231186948 0.48133054028815 0.55941859896568 0.47775661669026 0.55418724706689 0.47489107225569 0.54750479973728 0.46932600975295 0.54602407091516 0.46378543908298 0.54455120848642 0.46275050214935 0.53746754677185 0.45577755175941 0.53264728675439 0.45489482528651 0.52719887113155 0.45206146563219 0.52378021259307 0.45044053019965 0.51867162760107 0.44769304895896 0.51549697416947 0.44374005144932 0.51774146837434 0.44290984111785 0.51349023954148 0.4410727181614 0.5107341120759 0.44029306438001 0.50650006490554 0.4387694653876 0.50282764105589 0.43867055606294 0.4978970915973 0.43631141167076 0.49435837078695 0.43580618912033 0.48493260049901 0.43222771255353 0.47982811729502 0.43317064811533 0.47551363652502 0.43295979855498 0.47569462594877 0.43401467708912 0.4600739481737 0.43663066899092 0.45900538219478 0.43897222950317 0.45713295168059 0.44417509547892 0.45671949531635 0.44676887476906 0.45821245379202 0.44704911785561 0.46371826733874 0.44268329166469 0.47218340770499 0.44585207952877 0.47189120369475 0.4471621570838 0.47536959938711 0.44762137894831 0.4825239467138 0.44624763832797 0.49089091122709 0.45082612272825 0.49424301222798 0.45579521413882 0.48918899030567 0.45106146096004 0.48337202615036 0.45468437148228 0.47700884333409 0.45599374257521 0.4864427137331 0.45764882198271 0.49539083576933 0.46233696697289 0.49436813099122 0.46012226159451 0.48809749372634 0.46034418298108 0.48016174209351 0.45912759488591 0.4762417853523 0.46081407737091 0.47320259885233 0.46405987320919 0.46691185321478 0.45497379574732 0.46222707275542 0.45966500221659 0.46129691352869 0.4646286838355 0.45921258074819 0.46776253592807 0.46371709141052 0.46889214321531 0.4578282780406 0.46488435307979 0.45351672257469 0.46122690605219 0.45038052191685 0.45625019703227 0.45080081336949 0.45289324595294 0.44679360275392 0.45847863981686 0.44439353324475 0.46541979792387 0.44253027497073 0.46149560971753 0.43940675943505 0.45783894768457 0.44137269122511 0.45473115390403 0.43933727705881 0.45412325405466 0.43672871547518 0.44818445560372 0.43621942096052 0.44789659806916 0.43115399253441 0.44363125119219 0.43047701065473 0.43771576708207 0.43542766848599 0.44339433980978 0.44248206191347 0.43961082264297 0.44991545700817 
