0 0.6426100083621 0.58757253675323 0.64516293130113 0.57620368526519 0.64450720199984 0.57230385119404 0.64550197405031 0.56759215146385 0.64460717513461 0.55107980055753 0.65158962948684 0.54798263987196 0.65494212780218 0.54397709077906 0.64917500276561 0.54014391790058 0.64208495259378 0.54288617707209 0.63883313620904 0.54378764912324 0.63237575042513 0.54760247020109 0.62920926568575 0.55419529852728 0.62950217909873 0.55976260191218 0.62444621492543 0.56669174503392 0.62485358576987 0.57150115763789 0.62613969685325 0.57718558338191 0.62975283315369 0.58527807637704 0.62823684983234 0.59609799944338 0.63153706534584 0.60372200309868 0.63476344243382 0.61315810255835 0.64442651502099 0.61547549964787 0.64944713436159 0.61503111726591 0.65515276647289 0.61335554051 0.65986976661601 0.61296289886582 0.6647243675777 0.60863349263225 0.6692860551264 0.60423529473595 0.67792050649148 0.59610941186792 0.67959564689143 0.58816850213745 0.68166123355 0.57901838784659 0.67784367674381 0.57217638083097 0.67652373041736 0.56717987185782 0.67406603047253 0.56343266651684 0.67036537138691 0.55708690021355 0.66657394928997 0.55268399157337 0.66906540575887 0.544521426859 0.66095829299996 0.54475919906761 0.65834222434811 0.54637374527145 0.66015110833544 0.54960871730843 0.66378493498686 0.55982915931578 0.66543852002828 0.57394026961886 0.66386413991337 0.58678937011163 0.65891035288181 0.59430189623069 0.65839756380775 0.59508506285251 0.65370827275396 0.60529986041573 0.6486453945326 0.60756327685427 0.64444036956565 0.60866112688993 0.6407012168872 0.59881157189838 0.64212949449136 0.59307081944933 0.64287214265123 0.58639661086494 
0 0.53686440637406 0.663223376925 0.53428217649338 0.66788910220211 0.53843334443749 0.6687090711939 0.54239393367351 0.66485744774608 0.54553497936141 0.66285131823133 0.54241928119272 0.66041221281544 0.53686440637406 0.6636149602458 
0 0.4945905591381 0.68433371977898 0.49697369825784 0.68054759129207 0.49514946406478 0.67961049597536 0.49335750466326 0.67683037206049 0.48846677167885 0.67672583225166 
0 0.49934141790537 0.68046950600275 0.50434053750542 0.68203701521185 0.50928047957079 0.68119646718084 0.50766066892687 0.6782347803134 0.50717331957461 0.67347369169714 0.50012860796283 0.67615856169626 0.49821517566609 0.67852876177805 0.50091579802028 0.68007792268195 
0 0.51219938030383 0.65969559926011 0.51011221486087 0.65221977254382 0.50706878073762 0.65343356321505 0.50412295817903 0.65429481131388 0.49750490350133 0.65655940491603 0.49198913222095 0.65890208882784 0.5017168331102 0.6640248922382 0.50794822944759 0.66251712010232 0.51246151459297 0.65930284001342 
0 0.43820351490311 0.71339543087505 0.43506088692706 0.71094821455127 0.43137321647707 0.71153276426799 0.42694605970579 0.71880421959086 0.43558515549208 0.71908667698923 0.43794059342392 0.71300384755425 
0 0.44292665524783 0.71457135676335 0.45081161495076 0.71420046973818 0.45475291803086 0.71354006975931 0.45316082617988 0.70868138227367 0.45027963192337 0.7055485981938 0.44637595652707 0.70522368987907 0.44476316965188 0.71535569933084 
0 0.43190599444347 0.694973375909 0.42932762444544 0.69412130347778 0.42330451859199 0.69431533124444 0.42030186091269 0.69762720883258 0.42088533363911 0.70006866278299 0.42455836244719 0.70163382014031 0.42980655856024 0.69889273689469 0.43455354294785 0.69763873290599 0.43138093867515 0.69458061666231 
0 0.43872778348137 0.70006866278299 0.44581249399846 0.70046024610379 0.44942167350143 0.70001128091828 0.448155557045 0.69527653304126 0.44627913215245 0.6918383574908 0.44180576732596 0.69282131744111 0.44085255890947 0.69506862590595 0.43847327702092 0.69663966289272 0.43899070496056 0.69967707946219 
0 0.6026854484029 0.61741965786988 0.59478355608679 0.6176481402642 0.59387034876474 0.62592324812368 0.60205357095975 0.62471521948915 
0 0.5677685322205 0.52337663362535 0.56336743143946 0.52368095546443 0.56251490462878 0.52887149233537 0.56289393663186 0.53239809407437 0.55915557114345 0.53463635890652 0.56226969493207 0.5456778251309 0.56054623206252 0.54961212749342 0.55852904659255 0.55960984914315 0.55182250234848 0.56799631718144 0.54290127765272 0.56875772254049 0.53720028996264 0.57474413253579 0.53135407597188 0.57975439984148 0.52530018072671 0.58284014688701 0.52401871406455 0.58688697196036 0.52059554945665 0.58992321260394 0.51562868520614 0.59147120750389 0.50931354155321 0.59423650876221 0.50275231242432 0.59885061263688 0.49692142883934 0.60120364027992 0.49086604819435 0.59943975149204 0.48569705263951 0.59580284204542 0.4801744331041 0.59072825754643 0.46970417585241 0.58286765727416 0.46240188618791 0.58177899139222 0.45604675193543 0.57894829628847 0.44482157107889 0.57659644451188 0.43299907878066 0.58214987840802 0.43291146452948 0.58280216448178 0.42219600508477 0.58600385161825 0.41779725837016 0.59100953901181 0.4202810790957 0.5968696479355 0.41636661919588 0.60473247618896 0.41742137512722 0.60764359824449 0.41745514557983 0.61453840433116 0.42003972663018 0.62206597083463 0.41883123248451 0.63061895526221 0.41857059386307 0.64044098876515 0.42293863266253 0.64630110251236 0.42135118523277 0.64980818379302 0.41845763950192 0.65328539655687 0.41444170339702 0.65773533080432 0.41191946779764 0.66041221281544 0.40284451190236 0.66525820327869 0.40377087012375 0.67489538606018 0.40776602414157 0.67223920071057 0.41195717420044 0.67381588612199 0.41729605447324 0.67156963254691 0.41678486062983 0.66406510890256 0.42140960221737 0.66350819041593 0.4243146408482 0.66720929946326 0.42612730334771 0.66046959799734 0.44339785917694 0.6574230092829 0.43950189824301 0.65196247996596 0.43636542611895 0.6451939683165 0.43063908304803 0.6408382213437 0.429486007081 0.63235074127415 0.4271643475032 0.62323155383337 0.42699218904199 0.61453146636859 0.42591594282262 0.60880458984468 0.42766248135898 0.60316390868619 0.43009017543484 0.59758849141286 0.43906296107806 0.59491173138095 0.44062963466018 0.60511382322895 0.44025374344789 0.61079707304709 0.43844714231167 0.61577524314922 0.44130613780912 0.61850950595562 0.43981858479512 0.62867138685521 0.44183654645643 0.62918926460333 0.44103786344431 0.63460146336749 0.4397678897567 0.63814417520167 0.44109469856503 0.64017570471497 0.44214559726518 0.64557637940571 0.4403482849714 0.65035475413209 0.4403482849714 0.6525699632645 0.44269907058059 0.6562263871292 0.44130613780912 0.66315447191767 0.43951576072888 0.6694934137614 0.44187654371119 0.66908231417082 0.44391134323845 0.67037535817762 0.44706010338872 0.66550632363485 0.44897817063426 0.6615891970073 0.44763900294235 0.65773533080432 0.45153346821521 0.65450035868562 0.44902429997046 0.64372876469669 0.44979456542222 0.63650093640687 0.45075855834223 0.63031580157586 0.44979456542222 0.63103923116407 0.4500644141671 0.61657910063984 0.45111295129714 0.61061786751862 0.45153960829751 0.6019879828276 0.45689849157759 0.59492207355509 0.46023404354345 0.5993535561266 0.47240935441651 0.60326715497658 0.47837019353799 0.61188339892764 0.47403442953007 0.61884252815877 0.4686040777749 0.62606341848603 0.46670222664414 0.64295582862984 0.46424533638382 0.64805229130097 0.46496797685656 0.65538347902773 0.46549145824477 0.66203710716684 0.46831423440307 0.66783865498278 0.47148912926259 0.67248603156851 0.47025536631671 0.67569807305125 0.47331879506691 0.67740222480552 0.47751837519834 0.68406384479443 0.47602861805224 0.6883691445479 0.47603397094449 0.69020076666524 0.47700568721516 0.69072899256092 0.47682037379202 0.69412236181105 0.48044964371652 0.69986076240838 0.48440479236599 0.70392487976826 0.48522504438514 0.69897199764446 0.48745050934035 0.70038216793408 0.49273641172361 0.69699902923892 0.48300257075207 0.69224828877022 0.4822907148011 0.68477351605009 0.48008911067021 0.68049126444345 0.47709100972694 0.66953363451535 0.48339388291974 0.67647206745137 0.48622132121778 0.67302354327806 0.48206321688024 0.66903410121062 0.48250908131752 0.6648506273761 0.47706487501769 0.66093126648942 0.48827540578071 0.65701990189858 0.47888832202072 0.65579576307979 0.47414518716835 0.65501024460625 0.47052364068151 0.64982770416227 0.47408678648212 0.63999884063115 0.47883447822215 0.63074642562528 0.47734007665483 0.63022854787715 0.4804741950704 0.61989897995013 0.48542105470449 0.62208667241745 0.49146951733083 0.62481858337212 0.49771625462028 0.62519182223964 0.50563893836501 0.62598533182032 0.51062500018893 0.62058454472569 0.51644893722529 0.61921459110043 0.52169713320576 0.63735418330837 0.52511416772083 0.63842897957027 0.52505498113212 0.63257922366847 0.52396801902613 0.62549721018512 0.5219661947606 0.62000810053011 0.52794318145293 0.61180755170976 0.53215511029286 0.60982670460096 0.53427910645223 0.61377475807859 0.53921368592173 0.60188002703614 0.54342327393277 0.59708437199728 0.54709172637971 0.59149072181304 0.55400805676879 0.58285155336784 0.55864972282531 0.59385292773788 0.55653721964049 0.60129771434861 0.56002573101098 0.60117600602225 0.56074224238683 0.60599459171929 0.56068996196468 0.61648149879111 0.55890572798279 0.62785717579072 0.55661097934701 0.63067175433326 0.5560191020421 0.63696024813579 0.55523112479459 0.64127236836817 0.55233992236018 0.64361505266617 0.55308861880491 0.65108970779371 0.55343458882642 0.65296613268626 0.55702921341397 0.6546588779597 0.55273888107269 0.6580293122764 0.55129744659342 0.66087152514841 0.55393886276449 0.66242069418191 0.55759961131519 0.66674198652706 0.56316914933396 0.66205780346195 0.5701362424155 0.64831875610053 0.56567602366264 0.64833710054392 0.56305074488735 0.63888030478914 0.56835963321971 0.63113224689948 0.5693566881213 0.6252894240859 0.57123319173285 0.61932936146423 0.57229330055645 0.60952236938417 0.5741383165665 0.60608067518584 0.57539750575059 0.60135063101225 0.57234100427272 0.60112438287705 0.57118021384332 0.59655732202746 0.56868718299435 0.59501614762615 0.56730268432565 0.59070755517143 0.56606190421905 0.58121290068389 0.56546538273155 0.57259089469613 0.57123863461293 0.56640469483801 0.57516071898729 0.5723141993416 0.57644139845941 0.57661714724335 0.57648683072597 0.58169055545998 0.57753458069245 0.58522068497664 0.57654058440415 0.5900540992517 0.57806655229197 0.59407106198464 0.57758841306315 0.59777805066126 0.57760149184733 0.60987374163531 0.57568498755231 0.62402388743864 0.57622925074429 0.63382640564348 0.57485324255862 0.64196946201966 0.58514513416792 0.6491214430916 0.59164786329114 0.64554545255563 0.59886175151442 0.64530885627288 0.60064520926353 0.64445795159957 0.60213654078971 0.64275145271562 0.60384860040242 0.63978412140406 0.60797977371958 0.63812465483241 0.61349010398255 0.6303088636133 0.60247786639 0.63430524764371 0.5931199873804 0.63416966339222 0.59106982964655 0.62919961275089 0.58941012989921 0.62755284102942 0.58941696672467 0.62394004916317 0.58935013429048 0.61030788787756 0.58959227394604 0.59543419523992 0.58985598260862 0.58064210627213 0.59247197254147 0.56912979211654 0.58854294962596 0.56641387375354 0.58807709056172 0.55863371308794 0.58966532518152 0.55632207803512 0.59222984468501 0.55426303185673 0.5955945979825 0.55026558949304 0.59643712747971 0.53386695061725 0.58861828371255 0.52778635559506 0.58335859475754 0.52728329451276 0.57674966207813 0.52917582958957 0.57332877033186 0.52968806289357 
