0 0.51167353734545 0.74406710581948 0.51643972710185 0.74412449100283 0.51758666298659 0.74199547718207 0.51561868789266 0.74203910403253 0.51226235550843 0.73995254113633 0.51246072740291 0.74436108729156 
0 0.50458882682836 0.79874765962526 0.50837252487784 0.79995227810523 0.50675517386648 0.80463305110359 0.50402762946548 0.80137855861515 0.50596640942891 0.79757173373696 
0 0.59550927846436 0.85342821343104 0.59117129844239 0.85312846992211 0.59250810456419 0.8596764956385 0.59493272859891 0.86669418615468 0.59490887674077 0.87225102393982 0.59980881984862 0.87335921649695 0.59885483620855 0.86518864823989 0.59882098703608 0.85841096419752 0.59590287349309 0.85403228655986 0.59531248095 0.85313423195896 
0 0.55359140790491 0.85871987992837 0.55633656489992 0.8640621112389 0.55511193335847 0.8672602768773 0.55375363694865 0.86321462145121 0.55359140790491 0.85871987992837 
0 0.55162343276127 0.8425508989643 0.55324621425043 0.8471891034455 0.5512006222188 0.84765994417118 0.54968465164445 0.84779893861118 0.55201702779 0.84343284338052 
0 0.55437859796236 0.85519210226348 0.55122596973801 0.852826492154 0.55434859517904 0.85749915126373 0.55378820541927 0.85431015784726 
0 0.54729388744527 0.82403006622363 0.54788506717842 0.82638076559285 0.54872530314567 0.82949973262268 0.54850921948036 0.83278175353617 0.55026048115694 0.83407022729124 0.55089385426116 0.84168962732519 0.54765363330153 0.83730976200239 0.54686572411992 0.82320094439831 0.54749068495964 0.825499973584 
0 0.57897828725782 0.80374534465052 0.5820378473125 0.80071945215476 0.58305647122112 0.79744884948164 0.58453245254156 0.79439767457928 0.58586620026055 0.790817097842 0.58527965332522 0.78639349983541 0.5833062581937 0.7899212775003 0.58123373268913 0.79398539496284 0.57763068516817 0.80311257893003 0.57917508477218 0.80256941876222 
0 0.57897828725782 0.77405321597104 0.57996306201969 0.77758099363593 0.58119146058411 0.77927373895213 0.58353917615215 0.78399696287506 0.58351461582298 0.77311271044558 0.58109463620949 0.77230308547149 0.57892600637499 0.77102732347527 0.57976547731527 0.77581710480348 
0 0.55595297807727 0.75024071673304 0.54576712170349 0.75148320002661 0.54041210403492 0.75168534168681 0.54394754251103 0.75494442028622 0.54885361512179 0.75584129896123 0.55611056264013 0.75406365179589 0.56220664101006 0.75546806008428 0.56459977744328 0.75762588408931 0.56835122148218 0.75756038501733 0.57026691596174 0.75912448404135 0.57289290320806 0.75995127753341 0.57547047826708 0.76371224130195 0.5769795215691 0.76175079692027 0.57311740980678 0.75724688317551 0.56720962729383 0.75525216009119 0.56421310969682 0.75324708885906 0.56107434686002 0.75259256850963 0.55496899050545 0.74994673526096 
0 0.56735801261591 0.79846743648608 0.57306049596706 0.79212272835578 0.57586722204601 0.77873163711762 0.57449577956256 0.77287729008274 0.5667668328977 0.76727670785455 0.56441140286729 0.76701953286278 0.56284089108 0.76397976444154 0.55929853582145 0.76229395708808 0.55677935929605 0.76223422005295 0.55561242878436 0.76089060713298 0.55142663524691 0.76082404972771 0.54535976147411 0.75955969421261 0.53954957991076 0.75976524605788 0.5356259098875 0.76342625612592 0.5328369743034 0.7648686468205 0.52854970120179 0.7707964892234 0.52372123494936 0.7801509796648 0.52153111482683 0.78401989342988 0.51853837574201 0.78995690805471 0.51915184289127 0.79404278014619 0.51832622802688 0.7977945716928 0.51757667558631 0.80202625859442 0.51603306472844 0.80545761033647 0.51482229757527 0.79404278014619 0.51615531534128 0.78677367667509 0.51752904067584 0.78099164908234 0.51971144633599 0.77714578346467 0.52013046759299 0.77290598267442 0.52285099636282 0.76785667450266 0.52678387650952 0.76146257748505 0.53134249401708 0.75921291366815 0.53722336504026 0.75545089156631 0.53430525149727 0.75435645734208 0.5309950283345 0.75530954527454 0.52796694441698 0.75762811834849 0.52526176585288 0.75823219147731 0.52289712569903 0.76323446261354 0.51900423480624 0.76853306707361 0.51737987807194 0.7717449910449 0.51520588543696 0.77669105292367 0.51463934476693 0.78286466383722 0.51247071493243 0.78873512105677 0.51033050265829 0.80037831605456 0.51104472017937 0.80471230850847 0.50620239938227 0.8069205797341 0.50356027474018 0.80491668442785 0.50331734789459 0.81041272684457 0.50866315543971 0.81227080734067 0.51497523875596 0.81227080734067 0.52061781694525 0.81310218694369 0.52668319490372 0.81336747582409 0.52854426959053 0.82079627003082 0.53021633994933 0.82344095087211 0.53156471776469 0.8239427890042 0.53197822869142 0.82542647821598 0.53351806143982 0.82814580683267 0.53396084552004 0.83101212618539 0.53785066637168 0.83960190026237 0.53917212228775 0.84792299879239 0.54079956947127 0.85017948297944 0.54164059280755 0.85311929770018 0.54260529419859 0.86108666596375 0.54296434212927 0.86512197324202 0.54431192220004 0.86788492870917 0.54842546246036 0.86952487495298 0.54786962757483 0.86511280102009 0.54567643741116 0.85343056528282 0.54317033920756 0.83900818704063 0.54004157368424 0.83168851287671 0.53898996651305 0.82880611273746 0.53780839426666 0.825499973584 0.53445362648356 0.8203782636553 0.53549067063905 0.81167026198951 0.54335636277789 0.8116977786553 0.54945866010327 0.81196189160981 0.55264196717759 0.81457103597076 0.55832374743075 0.81666677108889 0.55928388311958 0.81970646895458 0.56241808025415 0.81891290712812 0.56583668914931 0.81842948399544 0.56953734823492 0.82070784040402 0.5742597799893 0.82189985295847 0.57894443808535 0.82290466987076 0.57936266068883 0.83725923246696 0.58074946488709 0.85164362830296 0.58118303765071 0.86004973451545 0.58193024997327 0.86343275570349 0.58218158821336 0.86747159075943 0.58599687381008 0.86796653796581 0.58561326446314 0.86295156682999 0.58513205519317 0.85608098464245 0.58389356910707 0.85402311433793 0.58370527325008 0.85048146074756 0.58212704748764 0.84571919608513 0.58271744003073 0.8337303023947 0.58133985743018 0.82896229921395 0.58117839322949 0.82231210905638 0.58583619668178 0.8220238778619 0.58606299777491 0.82932173272096 0.58744442592853 0.83636695166218 0.58728218606179 0.84394731095665 0.5892456071772 0.84898286079551 0.5909429346125 0.84372106281574 0.58998893900597 0.84020593811341 0.58999429189822 0.82960882326733 0.59054477389149 0.82206750471236 0.59025957494088 0.81813550252337 0.59023958031393 0.81381421006906 0.5874605633243 0.80937461947038 0.57869079399177 0.81283466380411 0.57166221030333 0.81114650459887 0.56845803197441 0.81152785736444 0.56843118879413 0.81221918419417 0.56538539310077 0.81138192496171 0.56264409356564 0.81227080734067 0.55712839935871 0.80901513892633 0.55554858767231 0.81015437592691 0.55397963920843 0.80927466576988 0.55281341716777 0.80814130839874 0.55103225302812 0.80816764913864 0.54454256888105 0.80521525201089 0.53866864598574 0.80374652057641 0.53352726124735 0.80434706592756 0.52918851612382 0.8053783529316 0.52410632831574 0.80586871402702 0.52072701019624 0.80374534465052 0.52235900258934 0.78756142942767 0.5266493457321 0.77940226765172 0.52918772893376 0.77640389182174 0.52980660753478 0.77264069379402 0.53543218241926 0.76737207544409 0.53898839213298 0.76632926436635 0.54182739300347 0.76516827273684 0.54941559008961 0.76405784592052 0.55285954650398 0.76464580886467 0.55670559958953 0.76469860793705 0.5624134468788 0.76591592641662 0.56583204472808 0.77075286237295 0.57111558554124 0.77302428081878 0.57248396928382 0.7846881721122 0.5705551849535 0.78803450441253 0.56930135988153 0.79177935799639 
